date	nsales	moe	down	up	month	mname
1/1/2000	873	6	786.842567	959.157433	1	Jan
2/1/2000	856	6	771.5203177	940.4796823	2	Feb
3/1/2000	900	6	811.1779041	988.8220959	3	Mar
4/1/2000	841	5	771.833905	910.166095	4	Apr
5/1/2000	857	5	786.5180221	927.4819779	5	May
6/1/2000	793	5	727.7815537	858.2184463	6	Jun
7/1/2000	887	5	814.0507416	959.9492584	7	Jul
8/1/2000	848	5	778.2582062	917.7417938	8	Aug
9/1/2000	912	5	836.9946746	987.0053254	9	Sep
10/1/2000	933	5	856.2675783	1009.732422	10	Oct
11/1/2000	880	6	793.1517285	966.8482715	11	Nov
12/1/2000	983	6	885.9865331	1080.013467	12	Dec
1/1/2001	936	6	843.6250203	1028.37498	1	Jan
2/1/2001	963	6	867.9603574	1058.039643	2	Feb
3/1/2001	939	6	846.3289467	1031.671053	3	Mar
4/1/2001	909	6	819.2896832	998.7103168	4	Apr
5/1/2001	885	6	797.6582724	972.3417276	5	May
6/1/2001	882	5	809.4619551	954.5380449	6	Jun
7/1/2001	880	6	793.1517285	966.8482715	7	Jul
8/1/2001	866	6	780.5334055	951.4665945	8	Aug
9/1/2001	853	6	768.8163914	937.1836086	9	Sep
10/1/2001	871	6	785.0399495	956.9600505	10	Oct
11/1/2001	924	6	832.8093149	1015.190685	11	Nov
12/1/2001	979	6	882.381298	1075.618702	12	Dec
1/1/2002	880	6	793.1517285	966.8482715	1	Jan
2/1/2002	948	6	854.4407257	1041.559274	2	Feb
3/1/2002	923	6	831.9080061	1014.091994	3	Mar
4/1/2002	936	6	843.6250203	1028.37498	4	Apr
5/1/2002	978	6	881.4799892	1074.520011	5	May
6/1/2002	957	6	862.5525047	1051.447495	6	Jun
7/1/2002	956	5	877.3759966	1034.624003	7	Jul
8/1/2002	1014	5	930.6059211	1097.394079	8	Aug
9/1/2002	1044	6	940.9663688	1147.033631	9	Sep
10/1/2002	1006	6	906.7166351	1105.283365	10	Oct
11/1/2002	1024	6	922.9401932	1125.059807	11	Nov
12/1/2002	1048	7	927.3335379	1168.666462	12	Dec
1/1/2003	999	7	883.9753859	1114.024614	1	Jan
2/1/2003	936	7	828.2291904	1043.77081	2	Feb
3/1/2003	999	7	883.9753859	1114.024614	3	Mar
4/1/2003	1012	6	912.1244878	1111.875512	4	Apr
5/1/2003	1078	6	971.6108674	1184.389133	5	May
6/1/2003	1193	6	1075.261377	1310.738623	6	Jun
7/1/2003	1168	6	1052.728658	1283.271342	7	Jul
8/1/2003	1206	6	1086.978392	1325.021608	8	Aug
9/1/2003	1131	6	1019.380233	1242.619767	9	Sep
10/1/2003	1144	6	1031.097247	1256.902753	10	Oct
11/1/2003	1093	6	985.1304991	1200.869501	11	Nov
12/1/2003	1129	6	1017.577615	1240.422385	12	Dec
1/1/2004	1165	6	1050.024731	1279.975269	1	Jan
2/1/2004	1159	6	1044.616879	1273.383121	2	Feb
3/1/2004	1276	6	1150.070006	1401.929994	3	Mar
4/1/2004	1186	6	1068.952216	1303.047784	4	Apr
5/1/2004	1241	6	1118.524199	1363.475801	5	May
6/1/2004	1180	6	1063.544363	1296.455637	6	Jun
7/1/2004	1088	6	980.6239552	1195.376045	7	Jul
8/1/2004	1175	6	1059.037819	1290.962181	8	Aug
9/1/2004	1214	6	1094.188862	1333.811138	9	Sep
10/1/2004	1305	6	1176.207961	1433.792039	10	Oct
11/1/2004	1179	6	1062.643054	1295.356946	11	Nov
12/1/2004	1242	7	1098.996426	1385.003574	12	Dec
1/1/2005	1203	7	1064.486876	1341.513124	1	Jan
2/1/2005	1319	7	1167.130665	1470.869335	2	Feb
3/1/2005	1328	7	1175.094407	1480.905593	3	Mar
4/1/2005	1260	7	1114.92391	1405.07609	4	Apr
5/1/2005	1286	7	1137.930277	1434.069723	5	May
6/1/2005	1274	7	1127.311954	1420.688046	6	Jun
7/1/2005	1389	7	1229.070882	1548.929118	7	Jul
8/1/2005	1255	7	1110.499609	1399.500391	8	Aug
9/1/2005	1244	7	1100.766146	1387.233854	9	Sep
10/1/2005	1336	8	1160.198044	1511.801956	10	Oct
11/1/2005	1214	7	1074.220339	1353.779661	11	Nov
12/1/2005	1239	7	1096.341845	1381.658155	12	Dec
1/1/2006	1174	7	1038.825929	1309.174071	1	Jan
2/1/2006	1061	8	921.3848241	1200.615176	2	Feb
3/1/2006	1116	8	969.1474682	1262.852532	3	Mar
4/1/2006	1123	7	993.6980564	1252.301944	4	Apr
5/1/2006	1086	7	960.9582273	1211.041773	5	May
6/1/2006	1074	7	950.3399043	1197.660096	6	Jun
7/1/2006	965	7	853.8901375	1076.109863	7	Jul
8/1/2006	1035	7	915.8303547	1154.169645	8	Aug
9/1/2006	1016	7	899.0180101	1132.98199	9	Sep
10/1/2006	941	7	832.6534916	1049.346508	10	Oct
11/1/2006	1003	8	871.016945	1134.983055	11	Nov
12/1/2006	998	8	866.6748864	1129.325114	12	Dec
1/1/2007	891	8	773.7548335	1008.245167	1	Jan
2/1/2007	828	8	719.0448958	936.9551042	2	Feb
3/1/2007	833	8	723.3869543	942.6130457	3	Mar
4/1/2007	887	8	770.2811866	1003.718813	4	Apr
5/1/2007	842	7	745.0523272	938.9476728	5	May
6/1/2007	793	7	701.6941752	884.3058248	6	Jun
7/1/2007	778	7	688.4212715	867.5787285	7	Jul
8/1/2007	699	7	618.517312	779.482688	8	Aug
9/1/2007	686	7	607.0141288	764.9858712	9	Sep
10/1/2007	727	7	643.2933989	810.7066011	10	Oct
11/1/2007	641	7	567.1954178	714.8045822	11	Nov
12/1/2007	619	7	547.7284923	690.2715077	12	Dec
1/1/2008	627	7	554.8073743	699.1926257	1	Jan
2/1/2008	593	7	524.7221259	661.2778741	2	Feb
3/1/2008	535	8	464.6002648	605.3997352	3	Mar
4/1/2008	536	8	465.4686765	606.5313235	4	Apr
5/1/2008	504	8	437.6795018	570.3204982	5	May
6/1/2008	487	8	422.9165027	551.0834973	6	Jun
7/1/2008	477	8	414.2323856	539.7676144	7	Jul
8/1/2008	435	7	384.9142071	485.0857929	8	Aug
9/1/2008	433	7	383.1444866	482.8555134	9	Sep
10/1/2008	393	7	347.7500767	438.2499233	10	Oct
11/1/2008	389	7	344.2106357	433.7893643	11	Nov
12/1/2008	377	8	327.3912146	426.6087854	12	Dec
1/1/2009	336	8	291.7863345	380.2136655	1	Jan
2/1/2009	372	8	323.0491561	420.9508439	2	Feb
3/1/2009	339	8	294.3915696	383.6084304	3	Mar
4/1/2009	337	8	292.6547462	381.3452538	4	Apr
5/1/2009	376	8	326.5228029	425.4771971	5	May
6/1/2009	393	8	341.285802	444.714198	6	Jun
7/1/2009	411	8	356.9172127	465.0827873	7	Jul
8/1/2009	418	8	362.9960947	473.0039053	8	Aug
9/1/2009	386	8	335.20692	436.79308	9	Sep
10/1/2009	396	8	343.8910371	448.1089629	10	Oct
11/1/2009	375	8	325.6543912	424.3456088	11	Nov
12/1/2009	352	8	305.6809219	398.3190781	12	Dec
1/1/2010	345	8	299.6020399	390.3979601	1	Jan
2/1/2010	336	8	291.7863345	380.2136655	2	Feb
3/1/2010	381	8	330.8648615	431.1351385	3	Mar
4/1/2010	422	8	366.4697416	477.5302584	4	Apr
5/1/2010	280	8	243.1552788	316.8447212	5	May
6/1/2010	305	8	264.8655715	345.1344285	6	Jun
7/1/2010	283	8	245.7605139	320.2394861	7	Jul
8/1/2010	282	8	244.8921022	319.1078978	8	Aug
9/1/2010	317	8	275.286512	358.713488	9	Sep
10/1/2010	291	8	252.7078076	329.2921924	10	Oct
11/1/2010	287	8	249.2341607	324.7658393	11	Nov
12/1/2010	326	8	283.1022174	368.8977826	12	Dec
1/1/2011	307	8	266.6023949	347.3976051	1	Jan
2/1/2011	270	8	234.4711617	305.5288383	2	Feb
3/1/2011	300	8	260.523513	339.476487	3	Mar
4/1/2011	310	8	269.2076301	350.7923699	4	Apr
5/1/2011	305	8	264.8655715	345.1344285	5	May
6/1/2011	301	8	261.3919247	340.6080753	6	Jun
7/1/2011	296	8	257.0498661	334.9501339	7	Jul
8/1/2011	299	8	259.6551012	338.3448988	8	Aug
9/1/2011	304	8	263.9971598	344.0028402	9	Sep
10/1/2011	316	8	274.4181003	357.5818997	10	Oct
11/1/2011	328	8	284.8390408	371.1609592	11	Nov
12/1/2011	341	9	290.5194422	391.4805578	12	Dec
1/1/2012	335	9	285.4076631	384.5923369	1	Jan
2/1/2012	366	9	311.8185215	420.1814785	2	Feb
3/1/2012	354	9	301.5949634	406.4050366	3	Mar
4/1/2012	354	8	307.4177453	400.5822547	4	Apr
5/1/2012	370	8	321.3123326	418.6876674	5	May
6/1/2012	360	8	312.6282155	407.3717845	6	Jun
7/1/2012	369	8	320.4439209	417.5560791	7	Jul
8/1/2012	375	7	331.8225923	418.1774077	8	Aug
9/1/2012	385	7	340.6711948	429.3288052	9	Sep
10/1/2012	358	8	310.8913921	405.1086079	10	Oct
11/1/2012	392	8	340.4173903	443.5826097	11	Nov
12/1/2012	399	9	339.9333063	458.0666937	12	Dec
1/1/2013	442	9	376.5677227	507.4322773	1	Jan
2/1/2013	439	9	374.0118332	503.9881668	2	Feb
3/1/2013	449	9	382.5314649	515.4685351	3	Mar
4/1/2013	451	9	384.2353913	517.7646087	4	Apr
5/1/2013	430	9	366.3441646	493.6558354	5	May
6/1/2013	463	9	394.4589494	531.5410506	6	Jun
7/1/2013	376	9	320.3381533	431.6618467	7	Jul
8/1/2013	380	9	323.746006	436.253994	8	Aug
9/1/2013	399	8	346.4962722	451.5037278	9	Sep
10/1/2013	444	8	385.5747992	502.4252008	10	Oct
11/1/2013	446	8	387.3116226	504.6883774	11	Nov
12/1/2013	441	8	382.969564	499.030436	12	Dec
1/1/2014	447	8	388.1800343	505.8199657	1	Jan
2/1/2014	423	8	367.3381533	478.6618467	2	Feb
3/1/2014	410	9	349.3049012	470.6950988	3	Mar
4/1/2014	401	9	341.6372326	460.3627674	4	Apr
5/1/2014	452	8	392.5220928	511.4779072	5	May
6/1/2014	416	8	361.2592713	470.7407287	6	Jun
7/1/2014	402	8	349.1015074	454.8984926	7	Jul
8/1/2014	449	8	389.9168577	508.0831423	8	Aug
9/1/2014	466	8	404.6798568	527.3201432	9	Sep
10/1/2014	474	8	411.6271505	536.3728495	10	Oct
11/1/2014	446	8	387.3116226	504.6883774	11	Nov
12/1/2014	492	8	427.2585612	556.7414388	12	Dec
1/1/2015	524	9	446.428703	601.571297	1	Jan
2/1/2015	549	9	467.7277823	630.2722177	2	Feb
3/1/2015	490	9	417.4619551	562.5380449	3	Mar
4/1/2015	500	9	425.9815868	574.0184132	4	Apr
5/1/2015	507	8	440.2847369	573.7152631	5	May
6/1/2015	472	8	409.890327	534.109673	6	Jun
7/1/2015	498	8	432.4690315	563.5309685	7	Jul
8/1/2015	505	8	438.5479135	571.4520865	8	Aug
9/1/2015	457	8	396.8641514	517.1358486	9	Sep
10/1/2015	478	9	407.238397	548.761603	10	Oct
11/1/2015	508	9	432.7972922	583.2027078	11	Nov
12/1/2015	538	9	458.3561874	617.6438126	12	Dec
1/1/2016	526	9	448.1326293	603.8673707	1	Jan
2/1/2016	525	9	447.2806661	602.7193339	2	Feb
3/1/2016	537	9	457.5042242	616.4957758	3	Mar
4/1/2016	570	8	494.9946746	645.0053254	4	Apr
5/1/2016	566	8	491.5210278	640.4789722	5	May
6/1/2016	558	8	484.5737341	631.4262659	6	Jun
7/1/2016	622	8	540.1520835	703.8479165	7	Jul
8/1/2016	559	8	485.4421458	632.5578542	8	Aug
9/1/2016	568	8	495.8630863	646.1369137	9	Sep
10/1/2016	571	8	488.9157926	637.0842074	10	Oct
11/1/2016	598	8	514.0997322	669.9002678	11	Nov
12/1/2016	536	7	474.2850919	597.7149081	12	Dec
