date	rate	year	month	week
4/2/1971	7.33	1971	4	14
4/9/1971	7.31	1971	4	15
4/16/1971	7.31	1971	4	16
4/23/1971	7.31	1971	4	17
4/30/1971	7.29	1971	4	18
5/7/1971	7.38	1971	5	19
5/14/1971	7.42	1971	5	20
5/21/1971	7.44	1971	5	21
5/28/1971	7.46	1971	5	22
6/4/1971	7.52	1971	6	23
6/11/1971	7.52	1971	6	24
6/18/1971	7.54	1971	6	25
6/25/1971	7.54	1971	6	26
7/2/1971	7.54	1971	7	27
7/9/1971	7.54	1971	7	28
7/16/1971	7.6	1971	7	29
7/23/1971	7.65	1971	7	30
7/30/1971	7.69	1971	7	31
8/6/1971	7.66	1971	8	32
8/13/1971	7.73	1971	8	33
8/20/1971	7.71	1971	8	34
8/27/1971	7.69	1971	8	35
9/3/1971	7.71	1971	9	36
9/10/1971	7.67	1971	9	37
9/17/1971	7.7	1971	9	38
9/24/1971	7.67	1971	9	39
10/1/1971	7.67	1971	10	40
10/8/1971	7.63	1971	10	41
10/15/1971	7.63	1971	10	42
10/22/1971	7.58	1971	10	43
10/29/1971	7.63	1971	10	44
11/5/1971	7.59	1971	11	45
11/12/1971	7.56	1971	11	46
11/19/1971	7.54	1971	11	47
11/26/1971	7.51	1971	11	48
12/3/1971	7.49	1971	12	49
12/10/1971	7.47	1971	12	50
12/17/1971	7.48	1971	12	51
12/24/1971	7.48	1971	12	52
12/31/1971	7.48	1971	12	53
1/7/1972	7.46	1972	1	2
1/14/1972	7.46	1972	1	3
1/21/1972	7.43	1972	1	4
1/28/1972	7.4	1972	1	5
2/4/1972	7.35	1972	2	6
2/11/1972	7.33	1972	2	7
2/18/1972	7.31	1972	2	8
2/25/1972	7.31	1972	2	9
3/3/1972	7.32	1972	3	10
3/10/1972	7.32	1972	3	11
3/17/1972	7.31	1972	3	12
3/24/1972	7.31	1972	3	13
3/31/1972	7.23	1972	3	14
4/7/1972	7.25	1972	4	15
4/14/1972	7.29	1972	4	16
4/21/1972	7.29	1972	4	17
4/28/1972	7.33	1972	4	18
5/5/1972	7.33	1972	5	19
5/12/1972	7.38	1972	5	20
5/19/1972	7.38	1972	5	21
5/26/1972	7.4	1972	5	22
6/2/1972	7.36	1972	6	23
6/9/1972	7.38	1972	6	24
6/16/1972	7.38	1972	6	25
6/23/1972	7.36	1972	6	26
6/30/1972	7.38	1972	6	27
7/7/1972	7.38	1972	7	28
7/14/1972	7.4	1972	7	29
7/21/1972	7.4	1972	7	30
7/28/1972	7.4	1972	7	31
8/4/1972	7.35	1972	8	32
8/11/1972	7.41	1972	8	33
8/18/1972	7.42	1972	8	34
8/25/1972	7.42	1972	8	35
9/1/1972	7.42	1972	9	36
9/8/1972	7.42	1972	9	37
9/15/1972	7.42	1972	9	38
9/22/1972	7.41	1972	9	39
9/29/1972	7.43	1972	9	40
10/6/1972	7.41	1972	10	41
10/13/1972	7.41	1972	10	42
10/20/1972	7.44	1972	10	43
10/27/1972	7.42	1972	10	44
11/3/1972	7.43	1972	11	45
11/10/1972	7.42	1972	11	46
11/17/1972	7.42	1972	11	47
11/24/1972	7.44	1972	11	48
12/1/1972	7.45	1972	12	49
12/8/1972	7.43	1972	12	50
12/15/1972	7.43	1972	12	51
12/22/1972	7.45	1972	12	52
12/29/1972	7.45	1972	12	53
1/5/1973	7.44	1973	1	2
1/12/1973	7.44	1973	1	3
1/19/1973	7.44	1973	1	4
1/26/1973	7.43	1973	1	5
2/2/1973	7.43	1973	2	6
2/9/1973	7.43	1973	2	7
2/16/1973	7.45	1973	2	8
2/23/1973	7.45	1973	2	9
3/2/1973	7.45	1973	3	10
3/9/1973	7.45	1973	3	11
3/16/1973	7.45	1973	3	12
3/23/1973	7.45	1973	3	13
3/30/1973	7.49	1973	3	14
4/6/1973	7.51	1973	4	15
4/13/1973	7.54	1973	4	16
4/20/1973	7.56	1973	4	17
4/27/1973	7.56	1973	4	18
5/4/1973	7.58	1973	5	19
5/11/1973	7.64	1973	5	20
5/18/1973	7.69	1973	5	21
5/24/1973	7.7	1973	5	21
6/1/1973	7.7	1973	6	23
6/8/1973	7.73	1973	6	24
6/15/1973	7.73	1973	6	25
6/22/1973	7.75	1973	6	26
6/29/1973	7.76	1973	6	27
7/6/1973	7.89	1973	7	28
7/13/1973	8.01	1973	7	29
7/20/1973	8.12	1973	7	30
7/27/1973	8.18	1973	7	31
8/3/1973	8.26	1973	8	32
8/10/1973	8.4	1973	8	33
8/17/1973	8.55	1973	8	34
8/24/1973	8.61	1973	8	35
8/31/1973	8.66	1973	8	36
9/7/1973	8.77	1973	9	37
9/14/1973	8.81	1973	9	38
9/21/1973	8.83	1973	9	39
9/28/1973	8.85	1973	9	40
10/5/1973	8.82	1973	10	41
10/12/1973	8.83	1973	10	42
10/19/1973	8.75	1973	10	43
10/26/1973	8.68	1973	10	44
11/2/1973	8.62	1973	11	45
11/9/1973	8.59	1973	11	46
11/16/1973	8.58	1973	11	47
11/23/1973	8.57	1973	11	48
11/30/1973	8.55	1973	11	49
12/7/1973	8.53	1973	12	50
12/14/1973	8.53	1973	12	51
12/21/1973	8.53	1973	12	52
12/28/1973	8.56	1973	12	53
1/4/1974	8.56	1974	1	2
1/11/1974	8.53	1974	1	3
1/18/1974	8.55	1974	1	4
1/25/1974	8.52	1974	1	5
2/1/1974	8.48	1974	2	6
2/8/1974	8.46	1974	2	7
2/15/1974	8.46	1974	2	8
2/22/1974	8.42	1974	2	9
3/1/1974	8.41	1974	3	10
3/8/1974	8.41	1974	3	11
3/15/1974	8.4	1974	3	12
3/22/1974	8.4	1974	3	13
3/29/1974	8.41	1974	3	14
4/5/1974	8.44	1974	4	15
4/12/1974	8.53	1974	4	16
4/19/1974	8.63	1974	4	17
4/26/1974	8.73	1974	4	18
5/3/1974	8.87	1974	5	19
5/10/1974	8.98	1974	5	20
5/17/1974	8.97	1974	5	21
5/24/1974	9.01	1974	5	22
5/31/1974	9.03	1974	5	23
6/7/1974	9.06	1974	6	24
6/14/1974	9.11	1974	6	25
6/21/1974	9.07	1974	6	26
6/28/1974	9.1	1974	6	27
7/5/1974	9.14	1974	7	28
7/12/1974	9.19	1974	7	29
7/19/1974	9.37	1974	7	30
7/26/1974	9.42	1974	7	31
8/2/1974	9.47	1974	8	32
8/9/1974	9.5	1974	8	33
8/16/1974	9.6	1974	8	34
8/23/1974	9.62	1974	8	35
8/30/1974	9.74	1974	8	36
9/6/1974	9.88	1974	9	37
9/13/1974	9.92	1974	9	38
9/20/1974	10	1974	9	39
9/27/1974	10.03	1974	9	40
10/4/1974	10.02	1974	10	41
10/11/1974	9.96	1974	10	42
10/18/1974	9.99	1974	10	43
10/25/1974	9.94	1974	10	44
11/1/1974	9.87	1974	11	45
11/8/1974	9.81	1974	11	46
11/15/1974	9.81	1974	11	47
11/22/1974	9.73	1974	11	48
11/29/1974	9.72	1974	11	49
12/6/1974	9.69	1974	12	50
12/13/1974	9.63	1974	12	51
12/20/1974	9.58	1974	12	52
12/27/1974	9.56	1974	12	53
1/3/1975	9.6	1975	1	2
1/10/1975	9.49	1975	1	3
1/17/1975	9.43	1975	1	4
1/24/1975	9.35	1975	1	5
1/31/1975	9.29	1975	1	6
2/7/1975	9.2	1975	2	7
2/14/1975	9.13	1975	2	8
2/21/1975	9.07	1975	2	9
2/28/1975	9.02	1975	2	10
3/7/1975	9	1975	3	11
3/14/1975	8.89	1975	3	12
3/21/1975	8.86	1975	3	13
3/28/1975	8.86	1975	3	14
4/4/1975	8.83	1975	4	15
4/11/1975	8.81	1975	4	16
4/18/1975	8.8	1975	4	17
4/25/1975	8.84	1975	4	18
5/2/1975	8.92	1975	5	19
5/9/1975	8.88	1975	5	20
5/16/1975	8.92	1975	5	21
5/23/1975	8.92	1975	5	22
5/30/1975	8.89	1975	5	23
6/6/1975	8.89	1975	6	24
6/13/1975	8.9	1975	6	25
6/20/1975	8.88	1975	6	26
6/27/1975	8.9	1975	6	27
7/3/1975	8.88	1975	7	27
7/11/1975	8.9	1975	7	29
7/18/1975	8.89	1975	7	30
7/25/1975	8.89	1975	7	31
8/1/1975	8.89	1975	8	32
8/8/1975	8.89	1975	8	33
8/15/1975	8.93	1975	8	34
8/22/1975	8.98	1975	8	35
8/29/1975	9.02	1975	8	36
9/5/1975	9.08	1975	9	37
9/12/1975	9.16	1975	9	38
9/19/1975	9.14	1975	9	39
9/26/1975	9.14	1975	9	40
10/3/1975	9.2	1975	10	41
10/10/1975	9.21	1975	10	42
10/17/1975	9.21	1975	10	43
10/24/1975	9.26	1975	10	44
10/31/1975	9.24	1975	10	45
11/7/1975	9.19	1975	11	46
11/14/1975	9.16	1975	11	47
11/21/1975	9.12	1975	11	48
11/28/1975	9.11	1975	11	49
12/5/1975	9.11	1975	12	50
12/12/1975	9.11	1975	12	51
12/19/1975	9.08	1975	12	52
12/26/1975	9.09	1975	12	53
1/2/1976	9.1	1976	1	2
1/9/1976	9.07	1976	1	3
1/16/1976	9.01	1976	1	4
1/23/1976	9	1976	1	5
1/30/1976	8.9	1976	1	6
2/6/1976	8.86	1976	2	7
2/13/1976	8.83	1976	2	8
2/20/1976	8.81	1976	2	9
2/27/1976	8.75	1976	2	10
3/5/1976	8.77	1976	3	11
3/12/1976	8.75	1976	3	12
3/19/1976	8.75	1976	3	13
3/26/1976	8.75	1976	3	14
4/2/1976	8.7	1976	4	15
4/9/1976	8.7	1976	4	16
4/16/1976	8.75	1976	4	17
4/23/1976	8.75	1976	4	18
4/30/1976	8.75	1976	4	19
5/7/1976	8.75	1976	5	20
5/14/1976	8.75	1976	5	21
5/21/1976	8.78	1976	5	22
5/28/1976	8.78	1976	5	23
6/4/1976	8.78	1976	6	24
6/11/1976	8.83	1976	6	25
6/18/1976	8.88	1976	6	26
6/25/1976	8.9	1976	6	27
7/2/1976	8.93	1976	7	28
7/9/1976	8.93	1976	7	29
7/16/1976	8.93	1976	7	30
7/23/1976	8.9	1976	7	31
7/30/1976	8.98	1976	7	32
8/6/1976	9	1976	8	33
8/13/1976	9	1976	8	34
8/20/1976	9	1976	8	35
8/27/1976	9	1976	8	36
9/3/1976	9	1976	9	37
9/10/1976	8.97	1976	9	38
9/17/1976	8.97	1976	9	39
9/24/1976	8.97	1976	9	40
10/1/1976	8.9	1976	10	41
10/8/1976	8.95	1976	10	42
10/15/1976	8.95	1976	10	43
10/22/1976	8.95	1976	10	44
10/29/1976	8.9	1976	10	45
11/5/1976	8.85	1976	11	46
11/12/1976	8.8	1976	11	47
11/19/1976	8.8	1976	11	48
11/26/1976	8.8	1976	11	49
12/3/1976	8.8	1976	12	50
12/10/1976	8.8	1976	12	51
12/17/1976	8.8	1976	12	52
12/24/1976	8.78	1976	12	53
12/31/1976	8.78	1976	12	54
1/7/1977	8.7	1977	1	2
1/14/1977	8.73	1977	1	3
1/21/1977	8.73	1977	1	4
1/28/1977	8.73	1977	1	5
2/4/1977	8.68	1977	2	6
2/11/1977	8.7	1977	2	7
2/18/1977	8.65	1977	2	8
2/25/1977	8.65	1977	2	9
3/4/1977	8.65	1977	3	10
3/11/1977	8.7	1977	3	11
3/18/1977	8.7	1977	3	12
3/25/1977	8.7	1977	3	13
4/1/1977	8.7	1977	4	14
4/8/1977	8.75	1977	4	15
4/15/1977	8.75	1977	4	16
4/22/1977	8.78	1977	4	17
4/29/1977	8.78	1977	4	18
5/6/1977	8.78	1977	5	19
5/13/1977	8.83	1977	5	20
5/20/1977	8.85	1977	5	21
5/27/1977	8.85	1977	5	22
6/3/1977	8.85	1977	6	23
6/10/1977	8.85	1977	6	24
6/17/1977	8.85	1977	6	25
6/24/1977	8.88	1977	6	26
7/1/1977	8.95	1977	7	27
7/8/1977	8.93	1977	7	28
7/15/1977	8.95	1977	7	29
7/22/1977	8.95	1977	7	30
7/29/1977	8.93	1977	7	31
8/5/1977	8.95	1977	8	32
8/12/1977	8.95	1977	8	33
8/19/1977	8.93	1977	8	34
8/26/1977	8.93	1977	8	35
9/2/1977	8.88	1977	9	36
9/9/1977	8.9	1977	9	37
9/16/1977	8.9	1977	9	38
9/23/1977	8.9	1977	9	39
9/30/1977	8.9	1977	9	40
10/7/1977	8.93	1977	10	41
10/14/1977	8.93	1977	10	42
10/21/1977	8.93	1977	10	43
10/28/1977	8.9	1977	10	44
11/4/1977	8.9	1977	11	45
11/11/1977	8.93	1977	11	46
11/18/1977	8.93	1977	11	47
11/25/1977	8.93	1977	11	48
12/2/1977	8.95	1977	12	49
12/9/1977	8.95	1977	12	50
12/16/1977	8.95	1977	12	51
12/23/1977	8.95	1977	12	52
12/30/1977	9	1977	12	53
1/6/1978	9	1978	1	2
1/13/1978	9.03	1978	1	3
1/20/1978	8.98	1978	1	4
1/27/1978	9.05	1978	1	5
2/3/1978	9.13	1978	2	6
2/10/1978	9.15	1978	2	7
2/17/1978	9.15	1978	2	8
2/24/1978	9.15	1978	2	9
3/3/1978	9.15	1978	3	10
3/10/1978	9.15	1978	3	11
3/17/1978	9.23	1978	3	12
3/24/1978	9.23	1978	3	13
3/31/1978	9.25	1978	3	14
4/7/1978	9.28	1978	4	15
4/14/1978	9.33	1978	4	16
4/21/1978	9.38	1978	4	17
4/28/1978	9.43	1978	4	18
5/5/1978	9.48	1978	5	19
5/12/1978	9.55	1978	5	20
5/19/1978	9.58	1978	5	21
5/26/1978	9.68	1978	5	22
6/2/1978	9.68	1978	6	23
6/9/1978	9.7	1978	6	24
6/16/1978	9.73	1978	6	25
6/23/1978	9.7	1978	6	26
6/30/1978	9.73	1978	6	27
7/7/1978	9.73	1978	7	28
7/14/1978	9.73	1978	7	29
7/21/1978	9.75	1978	7	30
7/28/1978	9.75	1978	7	31
8/4/1978	9.78	1978	8	32
8/11/1978	9.78	1978	8	33
8/18/1978	9.78	1978	8	34
8/25/1978	9.8	1978	8	35
9/1/1978	9.75	1978	9	36
9/8/1978	9.75	1978	9	37
9/15/1978	9.75	1978	9	38
9/22/1978	9.75	1978	9	39
9/29/1978	9.78	1978	9	40
10/6/1978	9.85	1978	10	41
10/13/1978	9.85	1978	10	42
10/20/1978	9.85	1978	10	43
10/27/1978	9.88	1978	10	44
11/3/1978	9.9	1978	11	45
11/10/1978	10.05	1978	11	46
11/17/1978	10.2	1978	11	47
11/24/1978	10.28	1978	11	48
12/1/1978	10.3	1978	12	49
12/8/1978	10.35	1978	12	50
12/15/1978	10.35	1978	12	51
12/22/1978	10.35	1978	12	52
12/29/1978	10.38	1978	12	53
1/5/1979	10.38	1979	1	2
1/12/1979	10.38	1979	1	3
1/19/1979	10.4	1979	1	4
1/26/1979	10.4	1979	1	5
2/2/1979	10.4	1979	2	6
2/9/1979	10.43	1979	2	7
2/16/1979	10.4	1979	2	8
2/23/1979	10.4	1979	2	9
3/2/1979	10.43	1979	3	10
3/9/1979	10.4	1979	3	11
3/16/1979	10.4	1979	3	12
3/23/1979	10.45	1979	3	13
3/30/1979	10.45	1979	3	14
4/6/1979	10.48	1979	4	15
4/13/1979	10.48	1979	4	16
4/20/1979	10.5	1979	4	17
4/27/1979	10.53	1979	4	18
5/4/1979	10.6	1979	5	19
5/11/1979	10.68	1979	5	20
5/18/1979	10.73	1979	5	21
5/25/1979	10.75	1979	5	22
6/1/1979	10.9	1979	6	23
6/8/1979	11.03	1979	6	24
6/15/1979	11.05	1979	6	25
6/22/1979	11.1	1979	6	26
6/29/1979	11.1	1979	6	27
7/6/1979	11.13	1979	7	28
7/13/1979	11.08	1979	7	29
7/20/1979	11.08	1979	7	30
7/27/1979	11.08	1979	7	31
8/3/1979	11.08	1979	8	32
8/10/1979	11.08	1979	8	33
8/17/1979	11.08	1979	8	34
8/24/1979	11.1	1979	8	35
8/31/1979	11.13	1979	8	36
9/7/1979	11.2	1979	9	37
9/14/1979	11.3	1979	9	38
9/21/1979	11.35	1979	9	39
9/28/1979	11.35	1979	9	40
10/5/1979	11.35	1979	10	41
10/12/1979	11.45	1979	10	42
10/19/1979	11.75	1979	10	43
10/26/1979	12	1979	10	44
11/2/1979	12.8	1979	11	45
11/9/1979	12.85	1979	11	46
11/16/1979	12.8	1979	11	47
11/23/1979	12.8	1979	11	48
11/30/1979	12.9	1979	11	49
12/7/1979	12.9	1979	12	50
12/14/1979	12.9	1979	12	51
12/21/1979	12.9	1979	12	52
12/28/1979	12.9	1979	12	53
1/4/1980	12.85	1980	1	2
1/11/1980	12.9	1980	1	3
1/18/1980	12.87	1980	1	4
1/25/1980	12.89	1980	1	5
2/1/1980	12.85	1980	2	6
2/8/1980	12.85	1980	2	7
2/15/1980	12.88	1980	2	8
2/22/1980	13.03	1980	2	9
2/29/1980	13.59	1980	2	10
3/7/1980	14	1980	3	11
3/14/1980	15.4	1980	3	12
3/21/1980	15.7	1980	3	13
3/28/1980	16.03	1980	3	14
4/4/1980	16.35	1980	4	15
4/11/1980	16.35	1980	4	16
4/18/1980	16.35	1980	4	17
4/25/1980	16.25	1980	4	18
5/2/1980	15.9	1980	5	19
5/9/1980	14.68	1980	5	20
5/16/1980	14.15	1980	5	21
5/23/1980	13.38	1980	5	22
5/30/1980	13.2	1980	5	23
6/6/1980	13.06	1980	6	24
6/13/1980	12.85	1980	6	25
6/20/1980	12.58	1980	6	26
6/27/1980	12.35	1980	6	27
7/4/1980	12.18	1980	7	28
7/11/1980	12.23	1980	7	29
7/18/1980	12.18	1980	7	30
7/25/1980	12.18	1980	7	31
8/1/1980	12.25	1980	8	32
8/8/1980	12.25	1980	8	33
8/15/1980	12.55	1980	8	34
8/22/1980	12.8	1980	8	35
8/29/1980	12.95	1980	8	36
9/5/1980	13.03	1980	9	37
9/12/1980	13.08	1980	9	38
9/19/1980	13.25	1980	9	39
9/26/1980	13.43	1980	9	40
10/3/1980	13.6	1980	10	41
10/10/1980	13.73	1980	10	42
10/17/1980	13.78	1980	10	43
10/24/1980	13.85	1980	10	44
10/31/1980	14	1980	10	45
11/7/1980	14.08	1980	11	46
11/14/1980	14.18	1980	11	47
11/21/1980	14.28	1980	11	48
11/28/1980	14.28	1980	11	49
12/5/1980	14.43	1980	12	50
12/12/1980	14.83	1980	12	51
12/19/1980	14.95	1980	12	52
12/26/1980	14.95	1980	12	53
1/2/1981	14.95	1981	1	2
1/9/1981	14.8	1981	1	3
1/16/1981	14.85	1981	1	4
1/23/1981	14.85	1981	1	5
1/30/1981	15.07	1981	1	6
2/6/1981	15	1981	2	7
2/13/1981	15.03	1981	2	8
2/20/1981	15.2	1981	2	9
2/27/1981	15.3	1981	2	10
3/6/1981	15.4	1981	3	11
3/13/1981	15.4	1981	3	12
3/20/1981	15.4	1981	3	13
3/27/1981	15.4	1981	3	14
4/3/1981	15.4	1981	4	15
4/10/1981	15.5	1981	4	16
4/17/1981	15.65	1981	4	17
4/24/1981	15.77	1981	4	18
5/1/1981	15.82	1981	5	19
5/8/1981	16.12	1981	5	20
5/15/1981	16.64	1981	5	21
5/22/1981	16.63	1981	5	22
5/29/1981	16.8	1981	5	23
6/5/1981	16.76	1981	6	24
6/12/1981	16.69	1981	6	25
6/19/1981	16.71	1981	6	26
6/26/1981	16.62	1981	6	27
7/3/1981	16.64	1981	7	28
7/10/1981	16.79	1981	7	29
7/17/1981	16.74	1981	7	30
7/24/1981	16.88	1981	7	31
7/31/1981	17.11	1981	7	32
8/7/1981	17.13	1981	8	33
8/14/1981	17.27	1981	8	34
8/21/1981	17.26	1981	8	35
8/28/1981	17.48	1981	8	36
9/4/1981	17.79	1981	9	37
9/11/1981	18.22	1981	9	38
9/18/1981	18.27	1981	9	39
9/25/1981	18.36	1981	9	40
10/2/1981	18.28	1981	10	41
10/9/1981	18.63	1981	10	42
10/16/1981	18.53	1981	10	43
10/21/1981	18.39	1981	10	43
10/30/1981	18.44	1981	10	45
11/6/1981	18.37	1981	11	46
11/13/1981	18.02	1981	11	47
11/20/1981	17.7	1981	11	48
11/27/1981	17.21	1981	11	49
12/4/1981	16.9	1981	12	50
12/11/1981	16.94	1981	12	51
12/18/1981	16.9	1981	12	52
12/25/1981	16.95	1981	12	53
12/31/1981	17.04	1981	12	53
1/8/1982	17.3	1982	1	2
1/15/1982	17.44	1982	1	3
1/22/1982	17.61	1982	1	4
1/29/1982	17.59	1982	1	5
2/5/1982	17.56	1982	2	6
2/12/1982	17.65	1982	2	7
2/19/1982	17.66	1982	2	8
2/26/1982	17.52	1982	2	9
3/5/1982	17.29	1982	3	10
3/12/1982	17.19	1982	3	11
3/19/1982	17.12	1982	3	12
3/26/1982	17.04	1982	3	13
4/2/1982	16.95	1982	4	14
4/9/1982	16.91	1982	4	15
4/16/1982	16.93	1982	4	16
4/23/1982	16.86	1982	4	17
4/30/1982	16.81	1982	4	18
5/7/1982	16.78	1982	5	19
5/14/1982	16.63	1982	5	20
5/21/1982	16.67	1982	5	21
5/28/1982	16.63	1982	5	22
6/4/1982	16.65	1982	6	23
6/11/1982	16.7	1982	6	24
6/18/1982	16.71	1982	6	25
6/25/1982	16.73	1982	6	26
7/2/1982	16.87	1982	7	27
7/9/1982	16.93	1982	7	28
7/16/1982	16.88	1982	7	29
7/23/1982	16.75	1982	7	30
7/30/1982	16.65	1982	7	31
8/6/1982	16.55	1982	8	32
8/13/1982	16.44	1982	8	33
8/20/1982	16.21	1982	8	34
8/27/1982	15.88	1982	8	35
9/3/1982	15.59	1982	9	36
9/10/1982	15.56	1982	9	37
9/17/1982	15.38	1982	9	38
9/24/1982	15.19	1982	9	39
10/1/1982	15.13	1982	10	40
10/8/1982	14.96	1982	10	41
10/15/1982	14.6	1982	10	42
10/22/1982	14.2	1982	10	43
10/29/1982	14.15	1982	10	44
11/5/1982	13.91	1982	11	45
11/12/1982	13.84	1982	11	46
11/19/1982	13.78	1982	11	47
11/26/1982	13.77	1982	11	48
12/3/1982	13.66	1982	12	49
12/10/1982	13.66	1982	12	50
12/17/1982	13.63	1982	12	51
12/24/1982	13.6	1982	12	52
12/31/1982	13.57	1982	12	53
1/7/1983	13.46	1983	1	2
1/14/1983	13.31	1983	1	3
1/21/1983	13.12	1983	1	4
1/28/1983	13.1	1983	1	5
2/4/1983	13.06	1983	2	6
2/11/1983	13.06	1983	2	7
2/18/1983	13.07	1983	2	8
2/25/1983	12.98	1983	2	9
3/4/1983	12.74	1983	3	10
3/11/1983	12.79	1983	3	11
3/18/1983	12.81	1983	3	12
3/25/1983	12.86	1983	3	13
4/1/1983	12.82	1983	4	14
4/8/1983	12.82	1983	4	15
4/15/1983	12.79	1983	4	16
4/22/1983	12.75	1983	4	17
4/29/1983	12.73	1983	4	18
5/6/1983	12.71	1983	5	19
5/13/1983	12.59	1983	5	20
5/20/1983	12.55	1983	5	21
5/27/1983	12.68	1983	5	22
6/3/1983	12.74	1983	6	23
6/10/1983	12.82	1983	6	24
6/17/1983	12.96	1983	6	25
6/24/1983	12.96	1983	6	26
7/1/1983	13.08	1983	7	27
7/8/1983	13.3	1983	7	28
7/15/1983	13.5	1983	7	29
7/22/1983	13.58	1983	7	30
7/29/1983	13.65	1983	7	31
8/5/1983	13.73	1983	8	32
8/12/1983	13.84	1983	8	33
8/19/1983	13.89	1983	8	34
8/26/1983	13.78	1983	8	35
9/2/1983	13.77	1983	9	36
9/9/1983	13.77	1983	9	37
9/16/1983	13.72	1983	9	38
9/23/1983	13.72	1983	9	39
9/30/1983	13.65	1983	9	40
10/7/1983	13.59	1983	10	41
10/14/1983	13.6	1983	10	42
10/21/1983	13.52	1983	10	43
10/28/1983	13.43	1983	10	44
11/4/1983	13.42	1983	11	45
11/11/1983	13.47	1983	11	46
11/18/1983	13.42	1983	11	47
11/25/1983	13.43	1983	11	48
12/2/1983	13.41	1983	12	49
12/9/1983	13.38	1983	12	50
12/16/1983	13.42	1983	12	51
12/23/1983	13.46	1983	12	52
12/30/1983	13.43	1983	12	53
1/6/1984	13.43	1984	1	2
1/13/1984	13.4	1984	1	3
1/20/1984	13.35	1984	1	4
1/27/1984	13.29	1984	1	5
2/3/1984	13.26	1984	2	6
2/10/1984	13.23	1984	2	7
2/17/1984	13.19	1984	2	8
2/24/1984	13.25	1984	2	9
3/2/1984	13.23	1984	3	10
3/9/1984	13.3	1984	3	11
3/16/1984	13.37	1984	3	12
3/23/1984	13.48	1984	3	13
3/30/1984	13.55	1984	3	14
4/6/1984	13.63	1984	4	15
4/13/1984	13.58	1984	4	16
4/20/1984	13.67	1984	4	17
4/27/1984	13.73	1984	4	18
5/4/1984	13.78	1984	5	19
5/11/1984	13.87	1984	5	20
5/18/1984	14.04	1984	5	21
5/25/1984	14.08	1984	5	22
6/1/1984	14.29	1984	6	23
6/8/1984	14.33	1984	6	24
6/15/1984	14.47	1984	6	25
6/22/1984	14.49	1984	6	26
6/29/1984	14.5	1984	6	27
7/6/1984	14.66	1984	7	28
7/13/1984	14.68	1984	7	29
7/20/1984	14.66	1984	7	30
7/27/1984	14.67	1984	7	31
8/3/1984	14.68	1984	8	32
8/10/1984	14.54	1984	8	33
8/17/1984	14.39	1984	8	34
8/24/1984	14.36	1984	8	35
8/31/1984	14.38	1984	8	36
9/7/1984	14.42	1984	9	37
9/14/1984	14.43	1984	9	38
9/21/1984	14.29	1984	9	39
9/28/1984	14.26	1984	9	40
10/5/1984	14.18	1984	10	41
10/12/1984	14.19	1984	10	42
10/19/1984	14.1	1984	10	43
10/26/1984	14.05	1984	10	44
11/2/1984	13.85	1984	11	45
11/9/1984	13.74	1984	11	46
11/16/1984	13.63	1984	11	47
11/23/1984	13.55	1984	11	48
11/30/1984	13.42	1984	11	49
12/7/1984	13.2	1984	12	50
12/14/1984	13.2	1984	12	51
12/21/1984	13.18	1984	12	52
12/28/1984	13.14	1984	12	53
1/4/1985	13.1	1985	1	2
1/11/1985	13.12	1985	1	3
1/18/1985	13.12	1985	1	4
1/25/1985	12.96	1985	1	5
2/1/1985	12.93	1985	2	6
2/8/1985	12.91	1985	2	7
2/15/1985	12.9	1985	2	8
2/22/1985	12.94	1985	2	9
3/1/1985	13.02	1985	3	10
3/8/1985	13.1	1985	3	11
3/15/1985	13.2	1985	3	12
3/22/1985	13.24	1985	3	13
3/29/1985	13.29	1985	3	14
4/5/1985	13.27	1985	4	15
4/12/1985	13.23	1985	4	16
4/19/1985	13.16	1985	4	17
4/26/1985	13.12	1985	4	18
5/3/1985	13.07	1985	5	19
5/10/1985	13.02	1985	5	20
5/17/1985	12.94	1985	5	21
5/24/1985	12.83	1985	5	22
5/31/1985	12.71	1985	5	23
6/7/1985	12.39	1985	6	24
6/14/1985	12.27	1985	6	25
6/21/1985	12.05	1985	6	26
6/28/1985	12.15	1985	6	27
7/5/1985	12.13	1985	7	28
7/12/1985	12.03	1985	7	29
7/19/1985	11.94	1985	7	30
7/26/1985	12.03	1985	7	31
8/2/1985	12.17	1985	8	32
8/9/1985	12.23	1985	8	33
8/16/1985	12.24	1985	8	34
8/23/1985	12.18	1985	8	35
8/30/1985	12.11	1985	8	36
9/6/1985	12.15	1985	9	37
9/13/1985	12.24	1985	9	38
9/20/1985	12.21	1985	9	39
9/27/1985	12.17	1985	9	40
10/4/1985	12.17	1985	10	41
10/11/1985	12.17	1985	10	42
10/18/1985	12.13	1985	10	43
10/25/1985	12.07	1985	10	44
11/1/1985	12.01	1985	11	45
11/8/1985	11.9	1985	11	46
11/15/1985	11.79	1985	11	47
11/22/1985	11.64	1985	11	48
11/29/1985	11.58	1985	11	49
12/6/1985	11.5	1985	12	50
12/13/1985	11.31	1985	12	51
12/20/1985	11.14	1985	12	52
12/27/1985	11.09	1985	12	53
1/3/1986	10.81	1986	1	2
1/10/1986	10.77	1986	1	3
1/17/1986	10.99	1986	1	4
1/24/1986	10.97	1986	1	5
1/31/1986	10.89	1986	1	6
2/7/1986	10.85	1986	2	7
2/14/1986	10.8	1986	2	8
2/21/1986	10.68	1986	2	9
2/28/1986	10.51	1986	2	10
3/7/1986	10.2	1986	3	11
3/14/1986	10.01	1986	3	12
3/21/1986	10.01	1986	3	13
3/28/1986	10.1	1986	3	14
4/4/1986	9.99	1986	4	15
4/11/1986	9.98	1986	4	16
4/18/1986	9.92	1986	4	17
4/25/1986	9.86	1986	4	18
5/2/1986	9.9	1986	5	19
5/9/1986	10	1986	5	20
5/16/1986	10.08	1986	5	21
5/23/1986	10.36	1986	5	22
5/30/1986	10.38	1986	5	23
6/6/1986	10.74	1986	6	24
6/13/1986	10.76	1986	6	25
6/20/1986	10.61	1986	6	26
6/27/1986	10.62	1986	6	27
7/4/1986	10.61	1986	7	28
7/11/1986	10.59	1986	7	29
7/18/1986	10.43	1986	7	30
7/25/1986	10.4	1986	7	31
8/1/1986	10.4	1986	8	32
8/8/1986	10.4	1986	8	33
8/15/1986	10.23	1986	8	34
8/22/1986	10.04	1986	8	35
8/29/1986	9.93	1986	8	36
9/5/1986	9.9	1986	9	37
9/12/1986	9.96	1986	9	38
9/19/1986	10.07	1986	9	39
9/26/1986	10.1	1986	9	40
10/3/1986	10.08	1986	10	41
10/10/1986	9.99	1986	10	42
10/17/1986	9.96	1986	10	43
10/24/1986	9.95	1986	10	44
10/31/1986	9.89	1986	10	45
11/7/1986	9.83	1986	11	46
11/14/1986	9.81	1986	11	47
11/21/1986	9.64	1986	11	48
11/28/1986	9.5	1986	11	49
12/5/1986	9.3	1986	12	50
12/12/1986	9.35	1986	12	51
12/19/1986	9.3	1986	12	52
12/26/1986	9.29	1986	12	53
1/2/1987	9.37	1987	1	2
1/9/1987	9.32	1987	1	3
1/16/1987	9.21	1987	1	4
1/23/1987	9.04	1987	1	5
1/30/1987	9.08	1987	1	6
2/6/1987	9.06	1987	2	7
2/13/1987	9.09	1987	2	8
2/20/1987	9.11	1987	2	9
2/27/1987	9.07	1987	2	10
3/6/1987	9.03	1987	3	11
3/13/1987	9.05	1987	3	12
3/20/1987	9.03	1987	3	13
3/27/1987	9.03	1987	3	14
4/3/1987	9.26	1987	4	15
4/10/1987	9.43	1987	4	16
4/17/1987	10.27	1987	4	17
4/24/1987	10.37	1987	4	18
5/1/1987	10.47	1987	5	19
5/8/1987	10.52	1987	5	20
5/15/1987	10.48	1987	5	21
5/22/1987	10.81	1987	5	22
5/29/1987	10.7	1987	5	23
6/5/1987	10.7	1987	6	24
6/12/1987	10.66	1987	6	25
6/19/1987	10.44	1987	6	26
6/26/1987	10.35	1987	6	27
7/3/1987	10.36	1987	7	28
7/10/1987	10.3	1987	7	29
7/17/1987	10.23	1987	7	30
7/24/1987	10.23	1987	7	31
7/31/1987	10.27	1987	7	32
8/7/1987	10.35	1987	8	33
8/14/1987	10.34	1987	8	34
8/21/1987	10.3	1987	8	35
8/28/1987	10.33	1987	8	36
9/4/1987	10.63	1987	9	37
9/11/1987	10.91	1987	9	38
9/18/1987	10.99	1987	9	39
9/25/1987	11.02	1987	9	40
10/2/1987	11.18	1987	10	41
10/9/1987	11.21	1987	10	42
10/16/1987	11.58	1987	10	43
10/23/1987	11.36	1987	10	44
10/30/1987	10.97	1987	10	45
11/6/1987	10.79	1987	11	46
11/13/1987	10.66	1987	11	47
11/20/1987	10.6	1987	11	48
11/27/1987	10.55	1987	11	49
12/4/1987	10.6	1987	12	50
12/11/1987	10.66	1987	12	51
12/18/1987	10.69	1987	12	52
12/25/1987	10.64	1987	12	53
12/31/1987	10.61	1987	12	53
1/8/1988	10.5	1988	1	2
1/15/1988	10.53	1988	1	3
1/22/1988	10.34	1988	1	4
1/29/1988	10.16	1988	1	5
2/5/1988	9.94	1988	2	6
2/12/1988	9.84	1988	2	7
2/19/1988	9.92	1988	2	8
2/26/1988	9.87	1988	2	9
3/4/1988	9.85	1988	3	10
3/11/1988	9.96	1988	3	11
3/18/1988	9.92	1988	3	12
3/25/1988	9.99	1988	3	13
4/1/1988	10.05	1988	4	14
4/8/1988	10.19	1988	4	15
4/15/1988	10.19	1988	4	16
4/22/1988	10.3	1988	4	17
4/29/1988	10.28	1988	4	18
5/6/1988	10.32	1988	5	19
5/13/1988	10.4	1988	5	20
5/20/1988	10.52	1988	5	21
5/27/1988	10.58	1988	5	22
6/3/1988	10.58	1988	6	23
6/10/1988	10.51	1988	6	24
6/17/1988	10.35	1988	6	25
6/24/1988	10.4	1988	6	26
7/1/1988	10.39	1988	7	27
7/8/1988	10.38	1988	7	28
7/15/1988	10.44	1988	7	29
7/22/1988	10.46	1988	7	30
7/29/1988	10.49	1988	7	31
8/5/1988	10.44	1988	8	32
8/12/1988	10.57	1988	8	33
8/19/1988	10.71	1988	8	34
8/26/1988	10.67	1988	8	35
9/2/1988	10.65	1988	9	36
9/9/1988	10.53	1988	9	37
9/16/1988	10.4	1988	9	38
9/23/1988	10.4	1988	9	39
9/30/1988	10.42	1988	9	40
10/7/1988	10.38	1988	10	41
10/14/1988	10.33	1988	10	42
10/21/1988	10.28	1988	10	43
10/28/1988	10.22	1988	10	44
11/4/1988	10.12	1988	11	45
11/11/1988	10.24	1988	11	46
11/18/1988	10.31	1988	11	47
11/25/1988	10.39	1988	11	48
12/2/1988	10.44	1988	12	49
12/9/1988	10.46	1988	12	50
12/16/1988	10.71	1988	12	51
12/23/1988	10.68	1988	12	52
12/30/1988	10.77	1988	12	53
1/6/1989	10.8	1989	1	2
1/13/1989	10.81	1989	1	3
1/20/1989	10.71	1989	1	4
1/27/1989	10.6	1989	1	5
2/3/1989	10.55	1989	2	6
2/10/1989	10.56	1989	2	7
2/17/1989	10.69	1989	2	8
2/24/1989	10.78	1989	2	9
3/3/1989	10.91	1989	3	10
3/10/1989	10.86	1989	3	11
3/17/1989	10.98	1989	3	12
3/24/1989	11.22	1989	3	13
3/31/1989	11.19	1989	3	14
4/7/1989	11.07	1989	4	15
4/14/1989	11.11	1989	4	16
4/21/1989	10.99	1989	4	17
4/28/1989	11.03	1989	4	18
5/5/1989	10.97	1989	5	19
5/12/1989	10.93	1989	5	20
5/19/1989	10.69	1989	5	21
5/26/1989	10.5	1989	5	22
6/2/1989	10.48	1989	6	23
6/9/1989	10.2	1989	6	24
6/16/1989	10.04	1989	6	25
6/23/1989	10.19	1989	6	26
6/30/1989	10.07	1989	6	27
7/7/1989	10.03	1989	7	28
7/14/1989	9.82	1989	7	29
7/21/1989	9.87	1989	7	30
7/28/1989	9.81	1989	7	31
8/4/1989	9.68	1989	8	32
8/11/1989	9.96	1989	8	33
8/18/1989	10.09	1989	8	34
8/25/1989	10.21	1989	8	35
9/1/1989	10.22	1989	9	36
9/8/1989	10.17	1989	9	37
9/15/1989	10.05	1989	9	38
9/22/1989	10.03	1989	9	39
9/29/1989	10.16	1989	9	40
10/6/1989	10.1	1989	10	41
10/13/1989	9.95	1989	10	42
10/20/1989	9.92	1989	10	43
10/27/1989	9.82	1989	10	44
11/3/1989	9.82	1989	11	45
11/10/1989	9.79	1989	11	46
11/17/1989	9.72	1989	11	47
11/24/1989	9.74	1989	11	48
12/1/1989	9.74	1989	12	49
12/8/1989	9.76	1989	12	50
12/15/1989	9.75	1989	12	51
12/22/1989	9.69	1989	12	52
12/29/1989	9.78	1989	12	53
1/5/1990	9.83	1990	1	2
1/12/1990	9.8	1990	1	3
1/19/1990	9.9	1990	1	4
1/26/1990	10.05	1990	1	5
2/2/1990	10.17	1990	2	6
2/9/1990	10.21	1990	2	7
2/16/1990	10.1	1990	2	8
2/23/1990	10.31	1990	2	9
3/2/1990	10.23	1990	3	10
3/9/1990	10.29	1990	3	11
3/16/1990	10.34	1990	3	12
3/23/1990	10.26	1990	3	13
3/30/1990	10.22	1990	3	14
4/6/1990	10.26	1990	4	15
4/13/1990	10.25	1990	4	16
4/20/1990	10.41	1990	4	17
4/27/1990	10.56	1990	4	18
5/4/1990	10.67	1990	5	19
5/11/1990	10.54	1990	5	20
5/18/1990	10.37	1990	5	21
5/25/1990	10.33	1990	5	22
6/1/1990	10.29	1990	6	23
6/8/1990	10.1	1990	6	24
6/15/1990	10.12	1990	6	25
6/22/1990	10.16	1990	6	26
6/29/1990	10.15	1990	6	27
7/6/1990	10.06	1990	7	28
7/13/1990	10.11	1990	7	29
7/20/1990	9.99	1990	7	30
7/27/1990	9.98	1990	7	31
8/3/1990	9.84	1990	8	32
8/10/1990	10.08	1990	8	33
8/17/1990	10.05	1990	8	34
8/24/1990	10.29	1990	8	35
8/31/1990	10.24	1990	8	36
9/7/1990	10.19	1990	9	37
9/14/1990	10.13	1990	9	38
9/21/1990	10.16	1990	9	39
9/28/1990	10.22	1990	9	40
10/5/1990	10.08	1990	10	41
10/12/1990	10.22	1990	10	42
10/19/1990	10.24	1990	10	43
10/26/1990	10.17	1990	10	44
11/2/1990	10.13	1990	11	45
11/9/1990	10.09	1990	11	46
11/16/1990	10.02	1990	11	47
11/23/1990	9.93	1990	11	48
11/30/1990	9.9	1990	11	49
12/7/1990	9.81	1990	12	50
12/14/1990	9.56	1990	12	51
12/21/1990	9.64	1990	12	52
12/28/1990	9.68	1990	12	53
1/4/1991	9.56	1991	1	2
1/11/1991	9.63	1991	1	3
1/18/1991	9.75	1991	1	4
1/25/1991	9.61	1991	1	5
2/1/1991	9.56	1991	2	6
2/8/1991	9.36	1991	2	7
2/15/1991	9.25	1991	2	8
2/22/1991	9.29	1991	2	9
3/1/1991	9.4	1991	3	10
3/8/1991	9.49	1991	3	11
3/15/1991	9.5	1991	3	12
3/22/1991	9.59	1991	3	13
3/29/1991	9.52	1991	3	14
4/5/1991	9.49	1991	4	15
4/12/1991	9.48	1991	4	16
4/19/1991	9.47	1991	4	17
4/26/1991	9.53	1991	4	18
5/3/1991	9.47	1991	5	19
5/10/1991	9.47	1991	5	20
5/17/1991	9.5	1991	5	21
5/24/1991	9.47	1991	5	22
5/31/1991	9.45	1991	5	23
6/7/1991	9.48	1991	6	24
6/14/1991	9.66	1991	6	25
6/21/1991	9.65	1991	6	26
6/28/1991	9.67	1991	6	27
7/5/1991	9.62	1991	7	28
7/12/1991	9.64	1991	7	29
7/19/1991	9.54	1991	7	30
7/26/1991	9.5	1991	7	31
8/2/1991	9.44	1991	8	32
8/9/1991	9.27	1991	8	33
8/16/1991	9.19	1991	8	34
8/23/1991	9.17	1991	8	35
8/30/1991	9.15	1991	8	36
9/6/1991	9.14	1991	9	37
9/13/1991	9.02	1991	9	38
9/20/1991	8.95	1991	9	39
9/27/1991	8.92	1991	9	40
10/4/1991	8.87	1991	10	41
10/11/1991	8.82	1991	10	42
10/18/1991	8.82	1991	10	43
10/25/1991	8.91	1991	10	44
11/1/1991	8.78	1991	11	45
11/8/1991	8.76	1991	11	46
11/15/1991	8.69	1991	11	47
11/22/1991	8.63	1991	11	48
11/29/1991	8.7	1991	11	49
12/6/1991	8.62	1991	12	50
12/13/1991	8.53	1991	12	51
12/20/1991	8.49	1991	12	52
12/27/1991	8.35	1991	12	53
1/3/1992	8.24	1992	1	2
1/10/1992	8.23	1992	1	3
1/17/1992	8.45	1992	1	4
1/24/1992	8.56	1992	1	5
1/31/1992	8.68	1992	1	6
2/7/1992	8.67	1992	2	7
2/14/1992	8.73	1992	2	8
2/21/1992	8.82	1992	2	9
2/28/1992	8.83	1992	2	10
3/6/1992	8.85	1992	3	11
3/13/1992	8.88	1992	3	12
3/20/1992	9.03	1992	3	13
3/27/1992	8.98	1992	3	14
4/3/1992	8.96	1992	4	15
4/10/1992	8.84	1992	4	16
4/17/1992	8.76	1992	4	17
4/24/1992	8.85	1992	4	18
5/1/1992	8.84	1992	5	19
5/8/1992	8.75	1992	5	20
5/15/1992	8.64	1992	5	21
5/22/1992	8.53	1992	5	22
5/29/1992	8.6	1992	5	23
6/5/1992	8.59	1992	6	24
6/12/1992	8.54	1992	6	25
6/19/1992	8.48	1992	6	26
6/26/1992	8.43	1992	6	27
7/3/1992	8.29	1992	7	28
7/10/1992	8.13	1992	7	29
7/17/1992	8.09	1992	7	30
7/24/1992	8.08	1992	7	31
7/31/1992	8.05	1992	7	32
8/7/1992	8.06	1992	8	33
8/14/1992	7.96	1992	8	34
8/21/1992	7.87	1992	8	35
8/28/1992	8.01	1992	8	36
9/4/1992	7.94	1992	9	37
9/11/1992	7.84	1992	9	38
9/18/1992	7.89	1992	9	39
9/24/1992	8.02	1992	9	39
10/2/1992	7.93	1992	10	41
10/9/1992	8.01	1992	10	42
10/16/1992	8.06	1992	10	43
10/23/1992	8.23	1992	10	44
10/30/1992	8.21	1992	10	45
11/6/1992	8.29	1992	11	46
11/13/1992	8.32	1992	11	47
11/20/1992	8.32	1992	11	48
11/27/1992	8.29	1992	11	49
12/4/1992	8.34	1992	12	50
12/11/1992	8.23	1992	12	51
12/18/1992	8.19	1992	12	52
12/25/1992	8.13	1992	12	53
12/31/1992	8.14	1992	12	53
1/8/1993	8.07	1993	1	2
1/15/1993	8.04	1993	1	3
1/22/1993	8	1993	1	4
1/29/1993	7.86	1993	1	5
2/5/1993	7.8	1993	2	6
2/12/1993	7.75	1993	2	7
2/19/1993	7.65	1993	2	8
2/26/1993	7.53	1993	2	9
3/5/1993	7.44	1993	3	10
3/12/1993	7.47	1993	3	11
3/19/1993	7.57	1993	3	12
3/26/1993	7.5	1993	3	13
4/2/1993	7.53	1993	4	14
4/9/1993	7.57	1993	4	15
4/16/1993	7.45	1993	4	16
4/23/1993	7.38	1993	4	17
4/30/1993	7.43	1993	4	18
5/7/1993	7.42	1993	5	19
5/14/1993	7.42	1993	5	20
5/21/1993	7.52	1993	5	21
5/28/1993	7.5	1993	5	22
6/4/1993	7.47	1993	6	23
6/11/1993	7.48	1993	6	24
6/18/1993	7.38	1993	6	25
6/25/1993	7.34	1993	6	26
7/2/1993	7.23	1993	7	27
7/9/1993	7.19	1993	7	28
7/16/1993	7.16	1993	7	29
7/23/1993	7.2	1993	7	30
7/30/1993	7.25	1993	7	31
8/6/1993	7.21	1993	8	32
8/13/1993	7.17	1993	8	33
8/20/1993	7.1	1993	8	34
8/27/1993	6.97	1993	8	35
9/3/1993	6.93	1993	9	36
9/10/1993	6.82	1993	9	37
9/17/1993	6.96	1993	9	38
9/24/1993	6.95	1993	9	39
10/1/1993	6.89	1993	10	40
10/8/1993	6.87	1993	10	41
10/15/1993	6.81	1993	10	42
10/22/1993	6.74	1993	10	43
10/29/1993	6.86	1993	10	44
11/5/1993	7.11	1993	11	45
11/12/1993	7.12	1993	11	46
11/19/1993	7.08	1993	11	47
11/26/1993	7.31	1993	11	48
12/4/1993	7.25	1993	12	49
12/10/1993	7.14	1993	12	50
12/17/1993	7.17	1993	12	51
12/24/1993	7.17	1993	12	52
12/31/1993	7.13	1993	12	53
1/7/1994	7.23	1994	1	2
1/14/1994	6.99	1994	1	3
1/21/1994	7.05	1994	1	4
1/28/1994	6.97	1994	1	5
2/4/1994	6.97	1994	2	6
2/11/1994	7.21	1994	2	7
2/18/1994	7.11	1994	2	8
2/25/1994	7.32	1994	2	9
3/4/1994	7.51	1994	3	10
3/11/1994	7.63	1994	3	11
3/18/1994	7.76	1994	3	12
3/25/1994	7.8	1994	3	13
4/1/1994	8.04	1994	4	14
4/8/1994	8.47	1994	4	15
4/15/1994	8.26	1994	4	16
4/22/1994	8.49	1994	4	17
4/29/1994	8.32	1994	4	18
5/6/1994	8.53	1994	5	19
5/13/1994	8.77	1994	5	20
5/20/1994	8.56	1994	5	21
5/27/1994	8.53	1994	5	22
6/3/1994	8.55	1994	6	23
6/10/1994	8.25	1994	6	24
6/17/1994	8.33	1994	6	25
6/24/1994	8.46	1994	6	26
7/1/1994	8.57	1994	7	27
7/8/1994	8.68	1994	7	28
7/15/1994	8.72	1994	7	29
7/22/1994	8.53	1994	7	30
7/29/1994	8.57	1994	7	31
8/5/1994	8.38	1994	8	32
8/12/1994	8.57	1994	8	33
8/19/1994	8.54	1994	8	34
8/26/1994	8.56	1994	8	35
9/2/1994	8.48	1994	9	36
9/9/1994	8.51	1994	9	37
9/16/1994	8.66	1994	9	38
9/23/1994	8.73	1994	9	39
9/30/1994	8.82	1994	9	40
10/7/1994	8.89	1994	10	41
10/14/1994	8.93	1994	10	42
10/21/1994	8.85	1994	10	43
10/28/1994	9.03	1994	10	44
11/4/1994	9.05	1994	11	45
11/11/1994	9.19	1994	11	46
11/18/1994	9.19	1994	11	47
11/25/1994	9.25	1994	11	48
12/2/1994	9.23	1994	12	49
12/9/1994	9.15	1994	12	50
12/16/1994	9.25	1994	12	51
12/23/1994	9.18	1994	12	52
12/30/1994	9.18	1994	12	53
1/6/1995	9.22	1995	1	2
1/13/1995	9.19	1995	1	3
1/20/1995	9.05	1995	1	4
1/27/1995	9.13	1995	1	5
2/3/1995	8.94	1995	2	6
2/10/1995	8.8	1995	2	7
2/17/1995	8.84	1995	2	8
2/24/1995	8.73	1995	2	9
3/3/1995	8.53	1995	3	10
3/10/1995	8.62	1995	3	11
3/17/1995	8.38	1995	3	12
3/24/1995	8.4	1995	3	13
3/31/1995	8.38	1995	3	14
4/7/1995	8.41	1995	4	15
4/14/1995	8.37	1995	4	16
4/21/1995	8.24	1995	4	17
4/28/1995	8.26	1995	4	18
5/5/1995	8.27	1995	5	19
5/12/1995	7.87	1995	5	20
5/19/1995	7.83	1995	5	21
5/26/1995	7.85	1995	5	22
6/2/1995	7.71	1995	6	23
6/9/1995	7.51	1995	6	24
6/16/1995	7.55	1995	6	25
6/23/1995	7.53	1995	6	26
6/30/1995	7.53	1995	6	27
7/7/1995	7.63	1995	7	28
7/14/1995	7.41	1995	7	29
7/21/1995	7.6	1995	7	30
7/28/1995	7.79	1995	7	31
8/4/1995	7.82	1995	8	32
8/11/1995	7.8	1995	8	33
8/18/1995	7.94	1995	8	34
8/25/1995	7.88	1995	8	35
9/1/1995	7.76	1995	9	36
9/8/1995	7.63	1995	9	37
9/15/1995	7.6	1995	9	38
9/22/1995	7.57	1995	9	39
9/29/1995	7.62	1995	9	40
10/6/1995	7.57	1995	10	41
10/13/1995	7.5	1995	10	42
10/20/1995	7.38	1995	10	43
10/27/1995	7.45	1995	10	44
11/3/1995	7.44	1995	11	45
11/9/1995	7.37	1995	11	45
11/17/1995	7.35	1995	11	47
11/24/1995	7.35	1995	11	48
12/1/1995	7.33	1995	12	49
12/8/1995	7.18	1995	12	50
12/15/1995	7.15	1995	12	51
12/22/1995	7.23	1995	12	52
12/29/1995	7.11	1995	12	53
1/5/1996	7.02	1996	1	2
1/12/1996	7.08	1996	1	3
1/19/1996	7.02	1996	1	4
1/26/1996	7	1996	1	5
2/2/1996	7.02	1996	2	6
2/9/1996	7.02	1996	2	7
2/16/1996	6.94	1996	2	8
2/23/1996	7.32	1996	2	9
3/1/1996	7.41	1996	3	10
3/8/1996	7.38	1996	3	11
3/15/1996	7.83	1996	3	12
3/22/1996	7.81	1996	3	13
3/29/1996	7.69	1996	3	14
4/5/1996	7.78	1996	4	15
4/12/1996	8.05	1996	4	16
4/19/1996	7.95	1996	4	17
4/26/1996	7.92	1996	4	18
5/3/1996	7.99	1996	5	19
5/10/1996	8.24	1996	5	20
5/17/1996	8.08	1996	5	21
5/24/1996	8.01	1996	5	22
5/31/1996	8.03	1996	5	23
6/7/1996	8.3	1996	6	24
6/14/1996	8.39	1996	6	25
6/21/1996	8.3	1996	6	26
6/28/1996	8.29	1996	6	27
7/5/1996	8.14	1996	7	28
7/12/1996	8.42	1996	7	29
7/19/1996	8.23	1996	7	30
7/26/1996	8.19	1996	7	31
8/2/1996	8.23	1996	8	32
8/9/1996	7.88	1996	8	33
8/16/1996	7.88	1996	8	34
8/23/1996	7.93	1996	8	35
8/30/1996	8.09	1996	8	36
9/6/1996	8.34	1996	9	37
9/13/1996	8.28	1996	9	38
9/20/1996	8.14	1996	9	39
9/27/1996	8.16	1996	9	40
10/4/1996	8.06	1996	10	41
10/11/1996	7.86	1996	10	42
10/18/1996	7.88	1996	10	43
10/25/1996	7.86	1996	10	44
11/1/1996	7.78	1996	11	45
11/8/1996	7.67	1996	11	46
11/15/1996	7.59	1996	11	47
11/22/1996	7.53	1996	11	48
11/29/1996	7.52	1996	11	49
12/6/1996	7.44	1996	12	50
12/13/1996	7.57	1996	12	51
12/20/1996	7.74	1996	12	52
12/27/1996	7.64	1996	12	53
1/3/1997	7.67	1997	1	2
1/10/1997	7.85	1997	1	3
1/17/1997	7.87	1997	1	4
1/24/1997	7.85	1997	1	5
1/31/1997	7.88	1997	1	6
2/7/1997	7.74	1997	2	7
2/14/1997	7.65	1997	2	8
2/21/1997	7.56	1997	2	9
2/28/1997	7.65	1997	2	10
3/7/1997	7.84	1997	3	11
3/14/1997	7.84	1997	3	12
3/21/1997	7.94	1997	3	13
3/28/1997	7.97	1997	3	14
4/4/1997	8.18	1997	4	15
4/11/1997	8.15	1997	4	16
4/18/1997	8.16	1997	4	17
4/25/1997	8.08	1997	4	18
5/2/1997	8.01	1997	5	19
5/9/1997	7.94	1997	5	20
5/16/1997	7.91	1997	5	21
5/23/1997	7.92	1997	5	22
5/30/1997	7.94	1997	5	23
6/6/1997	7.85	1997	6	24
6/13/1997	7.72	1997	6	25
6/20/1997	7.61	1997	6	26
6/27/1997	7.58	1997	6	27
7/4/1997	7.62	1997	7	28
7/11/1997	7.47	1997	7	29
7/18/1997	7.47	1997	7	30
7/25/1997	7.43	1997	7	31
8/1/1997	7.36	1997	8	32
8/8/1997	7.46	1997	8	33
8/15/1997	7.54	1997	8	34
8/22/1997	7.46	1997	8	35
8/29/1997	7.58	1997	8	36
9/5/1997	7.53	1997	9	37
9/12/1997	7.53	1997	9	38
9/19/1997	7.38	1997	9	39
9/26/1997	7.28	1997	9	40
10/3/1997	7.31	1997	10	41
10/10/1997	7.26	1997	10	42
10/17/1997	7.34	1997	10	43
10/24/1997	7.35	1997	10	44
10/31/1997	7.21	1997	10	45
11/7/1997	7.24	1997	11	46
11/14/1997	7.23	1997	11	47
11/21/1997	7.18	1997	11	48
11/28/1997	7.17	1997	11	49
12/5/1997	7.15	1997	12	50
12/12/1997	7.17	1997	12	51
12/19/1997	7.07	1997	12	52
12/26/1997	6.99	1997	12	53
1/2/1998	7.03	1998	1	2
1/9/1998	6.94	1998	1	3
1/16/1998	6.89	1998	1	4
1/23/1998	6.99	1998	1	5
1/30/1998	7.12	1998	1	6
2/6/1998	7.03	1998	2	7
2/13/1998	7.06	1998	2	8
2/20/1998	6.99	1998	2	9
2/28/1998	7.09	1998	2	10
3/6/1998	7.19	1998	3	11
3/13/1998	7.16	1998	3	12
3/20/1998	7.08	1998	3	13
3/27/1998	7.08	1998	3	14
4/3/1998	7.15	1998	4	15
4/10/1998	7.09	1998	4	16
4/17/1998	7.17	1998	4	17
4/24/1998	7.15	1998	4	18
5/1/1998	7.22	1998	5	19
5/8/1998	7.14	1998	5	20
5/15/1998	7.19	1998	5	21
5/22/1998	7.1	1998	5	22
5/29/1998	7.07	1998	5	23
6/5/1998	7.05	1998	6	24
6/12/1998	7.04	1998	6	25
6/19/1998	6.94	1998	6	26
6/26/1998	6.96	1998	6	27
7/3/1998	6.98	1998	7	28
7/10/1998	6.91	1998	7	29
7/17/1998	6.94	1998	7	30
7/24/1998	6.96	1998	7	31
7/31/1998	6.97	1998	7	32
8/7/1998	6.94	1998	8	33
8/14/1998	6.91	1998	8	34
8/21/1998	6.92	1998	8	35
8/28/1998	6.92	1998	8	36
9/4/1998	6.82	1998	9	37
9/11/1998	6.77	1998	9	38
9/18/1998	6.66	1998	9	39
9/25/1998	6.64	1998	9	40
10/2/1998	6.6	1998	10	41
10/9/1998	6.49	1998	10	42
10/16/1998	6.9	1998	10	43
10/23/1998	6.73	1998	10	44
10/30/1998	6.83	1998	10	45
11/6/1998	6.89	1998	11	46
11/13/1998	6.93	1998	11	47
11/20/1998	6.86	1998	11	48
11/27/1998	6.78	1998	11	49
12/4/1998	6.71	1998	12	50
12/11/1998	6.69	1998	12	51
12/18/1998	6.69	1998	12	52
12/25/1998	6.77	1998	12	53
12/31/1998	6.83	1998	12	53
1/8/1999	6.79	1999	1	2
1/15/1999	6.83	1999	1	3
1/22/1999	6.78	1999	1	4
1/29/1999	6.74	1999	1	5
2/5/1999	6.75	1999	2	6
2/12/1999	6.77	1999	2	7
2/19/1999	6.82	1999	2	8
2/26/1999	6.89	1999	2	9
3/5/1999	7.06	1999	3	10
3/12/1999	7.11	1999	3	11
3/19/1999	7.01	1999	3	12
3/26/1999	6.98	1999	3	13
4/2/1999	6.98	1999	4	14
4/9/1999	6.92	1999	4	15
4/16/1999	6.87	1999	4	16
4/23/1999	6.88	1999	4	17
4/30/1999	6.93	1999	4	18
5/7/1999	7.02	1999	5	19
5/14/1999	7.1	1999	5	20
5/21/1999	7.23	1999	5	21
5/28/1999	7.23	1999	5	22
6/4/1999	7.41	1999	6	23
6/11/1999	7.51	1999	6	24
6/18/1999	7.65	1999	6	25
6/25/1999	7.63	1999	6	26
7/2/1999	7.71	1999	7	27
7/9/1999	7.65	1999	7	28
7/16/1999	7.58	1999	7	29
7/23/1999	7.52	1999	7	30
7/30/1999	7.7	1999	7	31
8/6/1999	7.89	1999	8	32
8/13/1999	8.15	1999	8	33
8/20/1999	7.93	1999	8	34
8/27/1999	7.8	1999	8	35
9/3/1999	7.83	1999	9	36
9/10/1999	7.88	1999	9	37
9/17/1999	7.82	1999	9	38
9/24/1999	7.76	1999	9	39
10/1/1999	7.7	1999	10	40
10/8/1999	7.82	1999	10	41
10/15/1999	7.85	1999	10	42
10/22/1999	7.93	1999	10	43
10/29/1999	7.96	1999	10	44
11/5/1999	7.84	1999	11	45
11/12/1999	7.67	1999	11	46
11/19/1999	7.69	1999	11	47
11/26/1999	7.75	1999	11	48
12/3/1999	7.84	1999	12	49
12/10/1999	7.84	1999	12	50
12/17/1999	7.86	1999	12	51
12/24/1999	7.96	1999	12	52
12/31/1999	8.06	1999	12	53
1/7/2000	8.15	2000	1	2
1/14/2000	8.18	2000	1	3
1/21/2000	8.26	2000	1	4
1/28/2000	8.25	2000	1	5
2/4/2000	8.25	2000	2	6
2/11/2000	8.36	2000	2	7
2/18/2000	8.38	2000	2	8
2/25/2000	8.31	2000	2	9
3/3/2000	8.27	2000	3	10
3/10/2000	8.23	2000	3	11
3/17/2000	8.24	2000	3	12
3/24/2000	8.23	2000	3	13
3/31/2000	8.23	2000	3	14
4/7/2000	8.2	2000	4	15
4/14/2000	8.12	2000	4	16
4/21/2000	8.16	2000	4	17
4/28/2000	8.13	2000	4	18
5/5/2000	8.28	2000	5	19
5/12/2000	8.52	2000	5	20
5/19/2000	8.64	2000	5	21
5/26/2000	8.62	2000	5	22
6/2/2000	8.54	2000	6	23
6/9/2000	8.32	2000	6	24
6/16/2000	8.22	2000	6	25
6/23/2000	8.14	2000	6	26
6/30/2000	8.22	2000	6	27
7/7/2000	8.16	2000	7	28
7/14/2000	8.09	2000	7	29
7/21/2000	8.21	2000	7	30
7/28/2000	8.13	2000	7	31
8/4/2000	8.12	2000	8	32
8/11/2000	8.04	2000	8	33
8/18/2000	7.96	2000	8	34
8/25/2000	7.99	2000	8	35
9/1/2000	7.96	2000	9	36
9/8/2000	7.94	2000	9	37
9/15/2000	7.88	2000	9	38
9/22/2000	7.9	2000	9	39
9/29/2000	7.88	2000	9	40
10/6/2000	7.83	2000	10	41
10/13/2000	7.84	2000	10	42
10/20/2000	7.83	2000	10	43
10/27/2000	7.68	2000	10	44
11/3/2000	7.73	2000	11	45
11/10/2000	7.79	2000	11	46
11/17/2000	7.73	2000	11	47
11/24/2000	7.73	2000	11	48
12/1/2000	7.65	2000	12	49
12/8/2000	7.54	2000	12	50
12/15/2000	7.42	2000	12	51
12/22/2000	7.17	2000	12	52
12/29/2000	7.13	2000	12	53
1/5/2001	7.07	2001	1	2
1/12/2001	6.89	2001	1	3
1/19/2001	7.02	2001	1	4
1/26/2001	7.15	2001	1	5
2/2/2001	7.09	2001	2	6
2/9/2001	6.98	2001	2	7
2/16/2001	7.01	2001	2	8
2/23/2001	7.12	2001	2	9
3/2/2001	7.03	2001	3	10
3/9/2001	6.97	2001	3	11
3/16/2001	6.96	2001	3	12
3/23/2001	6.89	2001	3	13
3/30/2001	6.91	2001	3	14
4/6/2001	7.01	2001	4	15
4/13/2001	7.04	2001	4	16
4/20/2001	7.14	2001	4	17
4/27/2001	7.12	2001	4	18
5/4/2001	7.14	2001	5	19
5/11/2001	7.1	2001	5	20
5/18/2001	7.14	2001	5	21
5/25/2001	7.2	2001	5	22
6/1/2001	7.24	2001	6	23
6/8/2001	7.2	2001	6	24
6/15/2001	7.14	2001	6	25
6/22/2001	7.11	2001	6	26
6/29/2001	7.11	2001	6	27
7/6/2001	7.19	2001	7	28
7/13/2001	7.21	2001	7	29
7/20/2001	7.08	2001	7	30
7/27/2001	7.03	2001	7	31
8/3/2001	7	2001	8	32
8/10/2001	7	2001	8	33
8/17/2001	6.92	2001	8	34
8/24/2001	6.91	2001	8	35
8/31/2001	6.92	2001	8	36
9/7/2001	6.89	2001	9	37
9/14/2001	6.86	2001	9	38
9/21/2001	6.8	2001	9	39
9/28/2001	6.72	2001	9	40
10/5/2001	6.64	2001	10	41
10/12/2001	6.58	2001	10	42
10/19/2001	6.61	2001	10	43
10/26/2001	6.64	2001	10	44
11/2/2001	6.56	2001	11	45
11/9/2001	6.45	2001	11	46
11/16/2001	6.51	2001	11	47
11/23/2001	6.75	2001	11	48
11/30/2001	7.02	2001	11	49
12/7/2001	6.84	2001	12	50
12/14/2001	7.09	2001	12	51
12/21/2001	7.17	2001	12	52
12/28/2001	7.16	2001	12	53
1/4/2002	7.14	2002	1	2
1/11/2002	7.06	2002	1	3
1/18/2002	6.83	2002	1	4
1/25/2002	6.96	2002	1	5
2/1/2002	7.02	2002	2	6
2/8/2002	6.88	2002	2	7
2/15/2002	6.86	2002	2	8
2/22/2002	6.81	2002	2	9
3/1/2002	6.8	2002	3	10
3/8/2002	6.87	2002	3	11
3/15/2002	7.08	2002	3	12
3/22/2002	7.14	2002	3	13
3/29/2002	7.18	2002	3	14
4/5/2002	7.13	2002	4	15
4/12/2002	6.99	2002	4	16
4/19/2002	6.94	2002	4	17
4/26/2002	6.88	2002	4	18
5/3/2002	6.78	2002	5	19
5/10/2002	6.79	2002	5	20
5/17/2002	6.89	2002	5	21
5/24/2002	6.81	2002	5	22
5/31/2002	6.76	2002	5	23
6/7/2002	6.71	2002	6	24
6/14/2002	6.71	2002	6	25
6/21/2002	6.63	2002	6	26
6/28/2002	6.55	2002	6	27
7/5/2002	6.57	2002	7	28
7/12/2002	6.54	2002	7	29
7/19/2002	6.49	2002	7	30
7/26/2002	6.34	2002	7	31
8/2/2002	6.43	2002	8	32
8/9/2002	6.31	2002	8	33
8/16/2002	6.22	2002	8	34
8/23/2002	6.27	2002	8	35
8/30/2002	6.22	2002	8	36
9/6/2002	6.15	2002	9	37
9/13/2002	6.18	2002	9	38
9/20/2002	6.05	2002	9	39
9/27/2002	5.99	2002	9	40
10/4/2002	6.01	2002	10	41
10/11/2002	5.98	2002	10	42
10/18/2002	6.15	2002	10	43
10/25/2002	6.31	2002	10	44
11/1/2002	6.13	2002	11	45
11/8/2002	6.11	2002	11	46
11/15/2002	5.94	2002	11	47
11/22/2002	6.03	2002	11	48
11/29/2002	6.13	2002	11	49
12/6/2002	6.19	2002	12	50
12/13/2002	6.04	2002	12	51
12/20/2002	6.03	2002	12	52
12/27/2002	5.93	2002	12	53
1/3/2003	5.85	2003	1	2
1/10/2003	5.95	2003	1	3
1/17/2003	5.97	2003	1	4
1/24/2003	5.91	2003	1	5
1/31/2003	5.9	2003	1	6
2/7/2003	5.88	2003	2	7
2/14/2003	5.86	2003	2	8
2/21/2003	5.84	2003	2	9
2/28/2003	5.79	2003	2	10
3/7/2003	5.67	2003	3	11
3/14/2003	5.61	2003	3	12
3/21/2003	5.79	2003	3	13
3/28/2003	5.91	2003	3	14
4/4/2003	5.79	2003	4	15
4/11/2003	5.85	2003	4	16
4/18/2003	5.82	2003	4	17
4/25/2003	5.79	2003	4	18
5/2/2003	5.7	2003	5	19
5/9/2003	5.62	2003	5	20
5/16/2003	5.45	2003	5	21
5/23/2003	5.34	2003	5	22
5/30/2003	5.31	2003	5	23
6/6/2003	5.26	2003	6	24
6/13/2003	5.21	2003	6	25
6/20/2003	5.21	2003	6	26
6/27/2003	5.24	2003	6	27
7/4/2003	5.4	2003	7	28
7/11/2003	5.52	2003	7	29
7/18/2003	5.67	2003	7	30
7/25/2003	5.94	2003	7	31
8/1/2003	6.14	2003	8	32
8/8/2003	6.34	2003	8	33
8/15/2003	6.24	2003	8	34
8/22/2003	6.28	2003	8	35
8/29/2003	6.32	2003	8	36
9/5/2003	6.44	2003	9	37
9/12/2003	6.16	2003	9	38
9/19/2003	6.01	2003	9	39
9/26/2003	5.98	2003	9	40
10/3/2003	5.77	2003	10	41
10/10/2003	5.95	2003	10	42
10/17/2003	6.05	2003	10	43
10/24/2003	6.05	2003	10	44
10/31/2003	5.94	2003	10	45
11/7/2003	5.98	2003	11	46
11/14/2003	6.03	2003	11	47
11/21/2003	5.83	2003	11	48
11/28/2003	5.89	2003	11	49
12/5/2003	6.02	2003	12	50
12/12/2003	5.88	2003	12	51
12/19/2003	5.82	2003	12	52
12/26/2003	5.81	2003	12	53
12/31/2003	5.85	2003	12	54
1/8/2004	5.87	2004	1	2
1/15/2004	5.66	2004	1	3
1/22/2004	5.64	2004	1	4
1/29/2004	5.68	2004	1	5
2/5/2004	5.72	2004	2	6
2/12/2004	5.66	2004	2	7
2/19/2004	5.58	2004	2	8
2/26/2004	5.58	2004	2	9
3/4/2004	5.59	2004	3	10
3/11/2004	5.41	2004	3	11
3/18/2004	5.38	2004	3	12
3/25/2004	5.4	2004	3	13
4/1/2004	5.52	2004	4	14
4/8/2004	5.79	2004	4	15
4/15/2004	5.89	2004	4	16
4/22/2004	5.94	2004	4	17
4/29/2004	6.01	2004	4	18
5/6/2004	6.12	2004	5	19
5/13/2004	6.34	2004	5	20
5/20/2004	6.3	2004	5	21
5/27/2004	6.32	2004	5	22
6/3/2004	6.28	2004	6	23
6/10/2004	6.3	2004	6	24
6/17/2004	6.32	2004	6	25
6/24/2004	6.25	2004	6	26
7/1/2004	6.21	2004	7	27
7/8/2004	6.01	2004	7	28
7/15/2004	6	2004	7	29
7/22/2004	5.98	2004	7	30
7/29/2004	6.08	2004	7	31
8/5/2004	5.99	2004	8	32
8/12/2004	5.85	2004	8	33
8/19/2004	5.81	2004	8	34
8/26/2004	5.82	2004	8	35
9/2/2004	5.77	2004	9	36
9/9/2004	5.83	2004	9	37
9/16/2004	5.75	2004	9	38
9/23/2004	5.7	2004	9	39
9/30/2004	5.72	2004	9	40
10/7/2004	5.82	2004	10	41
10/14/2004	5.74	2004	10	42
10/21/2004	5.69	2004	10	43
10/28/2004	5.64	2004	10	44
11/4/2004	5.7	2004	11	45
11/11/2004	5.76	2004	11	46
11/18/2004	5.74	2004	11	47
11/24/2004	5.72	2004	11	48
12/2/2004	5.81	2004	12	49
12/9/2004	5.71	2004	12	50
12/16/2004	5.68	2004	12	51
12/22/2004	5.75	2004	12	52
12/29/2004	5.81	2004	12	53
1/6/2005	5.77	2005	1	1
1/13/2005	5.74	2005	1	2
1/20/2005	5.67	2005	1	3
1/27/2005	5.66	2005	1	4
2/3/2005	5.63	2005	2	5
2/10/2005	5.57	2005	2	6
2/17/2005	5.62	2005	2	7
2/24/2005	5.69	2005	2	8
3/3/2005	5.79	2005	3	9
3/10/2005	5.85	2005	3	10
3/17/2005	5.95	2005	3	11
3/24/2005	6.01	2005	3	12
3/31/2005	6.04	2005	3	13
4/7/2005	5.93	2005	4	14
4/14/2005	5.91	2005	4	15
4/21/2005	5.8	2005	4	16
4/28/2005	5.78	2005	4	17
5/5/2005	5.75	2005	5	18
5/12/2005	5.77	2005	5	19
5/19/2005	5.71	2005	5	20
5/26/2005	5.65	2005	5	21
6/2/2005	5.62	2005	6	22
6/9/2005	5.56	2005	6	23
6/16/2005	5.63	2005	6	24
6/23/2005	5.57	2005	6	25
6/30/2005	5.53	2005	6	26
7/7/2005	5.62	2005	7	27
7/14/2005	5.66	2005	7	28
7/21/2005	5.73	2005	7	29
7/28/2005	5.77	2005	7	30
8/4/2005	5.82	2005	8	31
8/11/2005	5.89	2005	8	32
8/18/2005	5.8	2005	8	33
8/25/2005	5.77	2005	8	34
9/1/2005	5.71	2005	9	35
9/8/2005	5.71	2005	9	36
9/15/2005	5.74	2005	9	37
9/22/2005	5.8	2005	9	38
9/29/2005	5.91	2005	9	39
10/6/2005	5.98	2005	10	40
10/13/2005	6.03	2005	10	41
10/20/2005	6.1	2005	10	42
10/27/2005	6.15	2005	10	43
11/3/2005	6.31	2005	11	44
11/10/2005	6.36	2005	11	45
11/17/2005	6.37	2005	11	46
11/23/2005	6.28	2005	11	47
12/1/2005	6.26	2005	12	48
12/8/2005	6.32	2005	12	49
12/15/2005	6.3	2005	12	50
12/22/2005	6.26	2005	12	51
12/29/2005	6.22	2005	12	52
1/5/2006	6.21	2006	1	1
1/12/2006	6.15	2006	1	2
1/19/2006	6.1	2006	1	3
1/26/2006	6.12	2006	1	4
2/2/2006	6.23	2006	2	5
2/9/2006	6.24	2006	2	6
2/16/2006	6.28	2006	2	7
2/23/2006	6.26	2006	2	8
3/2/2006	6.24	2006	3	9
3/9/2006	6.37	2006	3	10
3/16/2006	6.34	2006	3	11
3/23/2006	6.32	2006	3	12
3/30/2006	6.35	2006	3	13
4/6/2006	6.43	2006	4	14
4/13/2006	6.49	2006	4	15
4/20/2006	6.53	2006	4	16
4/27/2006	6.58	2006	4	17
5/4/2006	6.59	2006	5	18
5/11/2006	6.58	2006	5	19
5/18/2006	6.6	2006	5	20
5/25/2006	6.62	2006	5	21
6/1/2006	6.67	2006	6	22
6/8/2006	6.62	2006	6	23
6/15/2006	6.63	2006	6	24
6/22/2006	6.71	2006	6	25
6/29/2006	6.78	2006	6	26
7/6/2006	6.79	2006	7	27
7/13/2006	6.74	2006	7	28
7/20/2006	6.8	2006	7	29
7/27/2006	6.72	2006	7	30
8/3/2006	6.63	2006	8	31
8/10/2006	6.55	2006	8	32
8/17/2006	6.52	2006	8	33
8/24/2006	6.48	2006	8	34
8/31/2006	6.44	2006	8	35
9/7/2006	6.47	2006	9	36
9/14/2006	6.43	2006	9	37
9/21/2006	6.4	2006	9	38
9/28/2006	6.31	2006	9	39
10/5/2006	6.3	2006	10	40
10/12/2006	6.37	2006	10	41
10/19/2006	6.36	2006	10	42
10/26/2006	6.4	2006	10	43
11/2/2006	6.31	2006	11	44
11/9/2006	6.33	2006	11	45
11/16/2006	6.24	2006	11	46
11/22/2006	6.18	2006	11	47
11/30/2006	6.14	2006	11	48
12/7/2006	6.11	2006	12	49
12/14/2006	6.12	2006	12	50
12/21/2006	6.13	2006	12	51
12/28/2006	6.18	2006	12	52
1/4/2007	6.18	2007	1	1
1/11/2007	6.21	2007	1	2
1/18/2007	6.23	2007	1	3
1/25/2007	6.25	2007	1	4
2/1/2007	6.34	2007	2	5
2/8/2007	6.28	2007	2	6
2/15/2007	6.3	2007	2	7
2/22/2007	6.22	2007	2	8
3/1/2007	6.18	2007	3	9
3/8/2007	6.14	2007	3	10
3/15/2007	6.14	2007	3	11
3/22/2007	6.16	2007	3	12
3/29/2007	6.16	2007	3	13
4/5/2007	6.17	2007	4	14
4/12/2007	6.22	2007	4	15
4/19/2007	6.17	2007	4	16
4/26/2007	6.16	2007	4	17
5/3/2007	6.16	2007	5	18
5/10/2007	6.15	2007	5	19
5/17/2007	6.21	2007	5	20
5/24/2007	6.37	2007	5	21
5/31/2007	6.42	2007	5	22
6/7/2007	6.53	2007	6	23
6/14/2007	6.74	2007	6	24
6/21/2007	6.69	2007	6	25
6/28/2007	6.67	2007	6	26
7/5/2007	6.63	2007	7	27
7/12/2007	6.73	2007	7	28
7/19/2007	6.73	2007	7	29
7/26/2007	6.69	2007	7	30
8/2/2007	6.68	2007	8	31
8/9/2007	6.59	2007	8	32
8/16/2007	6.62	2007	8	33
8/23/2007	6.52	2007	8	34
8/30/2007	6.45	2007	8	35
9/6/2007	6.46	2007	9	36
9/13/2007	6.31	2007	9	37
9/20/2007	6.34	2007	9	38
9/27/2007	6.42	2007	9	39
10/4/2007	6.37	2007	10	40
10/11/2007	6.4	2007	10	41
10/18/2007	6.4	2007	10	42
10/25/2007	6.33	2007	10	43
11/1/2007	6.26	2007	11	44
11/8/2007	6.24	2007	11	45
11/15/2007	6.24	2007	11	46
11/21/2007	6.2	2007	11	47
11/29/2007	6.1	2007	11	48
12/6/2007	5.96	2007	12	49
12/13/2007	6.11	2007	12	50
12/20/2007	6.14	2007	12	51
12/27/2007	6.17	2007	12	52
1/3/2008	6.07	2008	1	1
1/10/2008	5.87	2008	1	2
1/17/2008	5.69	2008	1	3
1/24/2008	5.48	2008	1	4
1/31/2008	5.68	2008	1	5
2/7/2008	5.67	2008	2	6
2/14/2008	5.72	2008	2	7
2/21/2008	6.04	2008	2	8
2/28/2008	6.24	2008	2	9
3/6/2008	6.03	2008	3	10
3/13/2008	6.13	2008	3	11
3/20/2008	5.87	2008	3	12
3/27/2008	5.85	2008	3	13
4/3/2008	5.88	2008	4	14
4/10/2008	5.88	2008	4	15
4/17/2008	5.88	2008	4	16
4/24/2008	6.03	2008	4	17
5/1/2008	6.06	2008	5	18
5/8/2008	6.05	2008	5	19
5/15/2008	6.01	2008	5	20
5/22/2008	5.98	2008	5	21
5/29/2008	6.08	2008	5	22
6/5/2008	6.09	2008	6	23
6/12/2008	6.32	2008	6	24
6/19/2008	6.42	2008	6	25
6/26/2008	6.45	2008	6	26
7/3/2008	6.35	2008	7	27
7/10/2008	6.37	2008	7	28
7/17/2008	6.26	2008	7	29
7/24/2008	6.63	2008	7	30
7/31/2008	6.52	2008	7	31
8/7/2008	6.52	2008	8	32
8/14/2008	6.52	2008	8	33
8/21/2008	6.47	2008	8	34
8/28/2008	6.4	2008	8	35
9/4/2008	6.35	2008	9	36
9/11/2008	5.93	2008	9	37
9/18/2008	5.78	2008	9	38
9/25/2008	6.09	2008	9	39
10/2/2008	6.1	2008	10	40
10/9/2008	5.94	2008	10	41
10/16/2008	6.46	2008	10	42
10/23/2008	6.04	2008	10	43
10/30/2008	6.46	2008	10	44
11/6/2008	6.2	2008	11	45
11/13/2008	6.14	2008	11	46
11/20/2008	6.04	2008	11	47
11/26/2008	5.97	2008	11	48
12/4/2008	5.53	2008	12	49
12/11/2008	5.47	2008	12	50
12/18/2008	5.19	2008	12	51
12/24/2008	5.14	2008	12	52
12/31/2008	5.1	2008	12	53
1/8/2009	5.01	2009	1	2
1/15/2009	4.96	2009	1	3
1/22/2009	5.12	2009	1	4
1/29/2009	5.1	2009	1	5
2/5/2009	5.25	2009	2	6
2/12/2009	5.16	2009	2	7
2/19/2009	5.04	2009	2	8
2/26/2009	5.07	2009	2	9
3/5/2009	5.15	2009	3	10
3/12/2009	5.03	2009	3	11
3/19/2009	4.98	2009	3	12
3/26/2009	4.85	2009	3	13
4/2/2009	4.78	2009	4	14
4/9/2009	4.87	2009	4	15
4/16/2009	4.82	2009	4	16
4/23/2009	4.8	2009	4	17
4/30/2009	4.78	2009	4	18
5/7/2009	4.84	2009	5	19
5/14/2009	4.86	2009	5	20
5/21/2009	4.82	2009	5	21
5/28/2009	4.91	2009	5	22
6/4/2009	5.29	2009	6	23
6/11/2009	5.59	2009	6	24
6/18/2009	5.38	2009	6	25
6/25/2009	5.42	2009	6	26
7/2/2009	5.32	2009	7	27
7/9/2009	5.2	2009	7	28
7/16/2009	5.14	2009	7	29
7/23/2009	5.2	2009	7	30
7/30/2009	5.25	2009	7	31
8/6/2009	5.22	2009	8	32
8/13/2009	5.29	2009	8	33
8/20/2009	5.12	2009	8	34
8/27/2009	5.14	2009	8	35
9/3/2009	5.08	2009	9	36
9/10/2009	5.07	2009	9	37
9/17/2009	5.04	2009	9	38
9/24/2009	5.04	2009	9	39
10/1/2009	4.94	2009	10	40
10/8/2009	4.87	2009	10	41
10/15/2009	4.92	2009	10	42
10/22/2009	5	2009	10	43
10/29/2009	5.03	2009	10	44
11/5/2009	4.98	2009	11	45
11/12/2009	4.91	2009	11	46
11/19/2009	4.83	2009	11	47
11/25/2009	4.78	2009	11	48
12/3/2009	4.71	2009	12	49
12/10/2009	4.81	2009	12	50
12/17/2009	4.94	2009	12	51
12/24/2009	5.05	2009	12	52
12/31/2009	5.14	2009	12	53
1/7/2010	5.09	2010	1	1
1/14/2010	5.06	2010	1	2
1/21/2010	4.99	2010	1	3
1/28/2010	4.98	2010	1	4
2/4/2010	5.01	2010	2	5
2/11/2010	4.97	2010	2	6
2/18/2010	4.93	2010	2	7
2/25/2010	5.05	2010	2	8
3/4/2010	4.97	2010	3	9
3/11/2010	4.95	2010	3	10
3/18/2010	4.96	2010	3	11
3/25/2010	4.99	2010	3	12
4/1/2010	5.08	2010	4	13
4/8/2010	5.21	2010	4	14
4/15/2010	5.07	2010	4	15
4/22/2010	5.07	2010	4	16
4/29/2010	5.06	2010	4	17
5/6/2010	5	2010	5	18
5/13/2010	4.93	2010	5	19
5/20/2010	4.84	2010	5	20
5/27/2010	4.78	2010	5	21
6/3/2010	4.79	2010	6	22
6/10/2010	4.72	2010	6	23
6/17/2010	4.75	2010	6	24
6/24/2010	4.69	2010	6	25
7/1/2010	4.58	2010	7	26
7/8/2010	4.57	2010	7	27
7/15/2010	4.57	2010	7	28
7/22/2010	4.56	2010	7	29
7/29/2010	4.54	2010	7	30
8/5/2010	4.49	2010	8	31
8/12/2010	4.44	2010	8	32
8/19/2010	4.42	2010	8	33
8/26/2010	4.36	2010	8	34
9/2/2010	4.32	2010	9	35
9/9/2010	4.35	2010	9	36
9/16/2010	4.37	2010	9	37
9/23/2010	4.37	2010	9	38
9/30/2010	4.32	2010	9	39
10/7/2010	4.27	2010	10	40
10/14/2010	4.19	2010	10	41
10/21/2010	4.21	2010	10	42
10/28/2010	4.23	2010	10	43
11/4/2010	4.24	2010	11	44
11/11/2010	4.17	2010	11	45
11/18/2010	4.39	2010	11	46
11/24/2010	4.4	2010	11	47
12/2/2010	4.46	2010	12	48
12/9/2010	4.61	2010	12	49
12/16/2010	4.83	2010	12	50
12/23/2010	4.81	2010	12	51
12/30/2010	4.86	2010	12	52
1/6/2011	4.77	2011	1	1
1/13/2011	4.71	2011	1	2
1/20/2011	4.74	2011	1	3
1/27/2011	4.8	2011	1	4
2/3/2011	4.81	2011	2	5
2/10/2011	5.05	2011	2	6
2/17/2011	5	2011	2	7
2/24/2011	4.95	2011	2	8
3/3/2011	4.87	2011	3	9
3/10/2011	4.88	2011	3	10
3/17/2011	4.76	2011	3	11
3/24/2011	4.81	2011	3	12
3/31/2011	4.86	2011	3	13
4/7/2011	4.87	2011	4	14
4/14/2011	4.91	2011	4	15
4/21/2011	4.8	2011	4	16
4/28/2011	4.78	2011	4	17
5/5/2011	4.71	2011	5	18
5/12/2011	4.63	2011	5	19
5/19/2011	4.61	2011	5	20
5/26/2011	4.6	2011	5	21
6/2/2011	4.55	2011	6	22
6/9/2011	4.49	2011	6	23
6/16/2011	4.5	2011	6	24
6/23/2011	4.5	2011	6	25
6/30/2011	4.51	2011	6	26
7/7/2011	4.6	2011	7	27
7/14/2011	4.51	2011	7	28
7/21/2011	4.52	2011	7	29
7/28/2011	4.55	2011	7	30
8/4/2011	4.39	2011	8	31
8/11/2011	4.32	2011	8	32
8/18/2011	4.15	2011	8	33
8/25/2011	4.22	2011	8	34
9/1/2011	4.22	2011	9	35
9/8/2011	4.12	2011	9	36
9/15/2011	4.09	2011	9	37
9/22/2011	4.09	2011	9	38
9/29/2011	4.01	2011	9	39
10/6/2011	3.94	2011	10	40
10/13/2011	4.12	2011	10	41
10/20/2011	4.11	2011	10	42
10/27/2011	4.1	2011	10	43
11/3/2011	4	2011	11	44
11/10/2011	3.99	2011	11	45
11/17/2011	4	2011	11	46
11/23/2011	3.98	2011	11	47
12/1/2011	4	2011	12	48
12/8/2011	3.99	2011	12	49
12/15/2011	3.94	2011	12	50
12/22/2011	3.91	2011	12	51
12/29/2011	3.95	2011	12	52
1/5/2012	3.91	2012	1	1
1/12/2012	3.89	2012	1	2
1/19/2012	3.88	2012	1	3
1/26/2012	3.98	2012	1	4
2/2/2012	3.87	2012	2	5
2/9/2012	3.87	2012	2	6
2/16/2012	3.87	2012	2	7
2/23/2012	3.95	2012	2	8
3/1/2012	3.9	2012	3	9
3/8/2012	3.88	2012	3	10
3/15/2012	3.92	2012	3	11
3/22/2012	4.08	2012	3	12
3/29/2012	3.99	2012	3	13
4/5/2012	3.98	2012	4	14
4/12/2012	3.88	2012	4	15
4/19/2012	3.9	2012	4	16
4/26/2012	3.88	2012	4	17
5/3/2012	3.84	2012	5	18
5/10/2012	3.83	2012	5	19
5/17/2012	3.79	2012	5	20
5/24/2012	3.78	2012	5	21
5/31/2012	3.75	2012	5	22
6/7/2012	3.67	2012	6	23
6/14/2012	3.71	2012	6	24
6/21/2012	3.66	2012	6	25
6/28/2012	3.66	2012	6	26
7/5/2012	3.62	2012	7	27
7/12/2012	3.56	2012	7	28
7/19/2012	3.53	2012	7	29
7/26/2012	3.49	2012	7	30
8/2/2012	3.55	2012	8	31
8/9/2012	3.59	2012	8	32
8/16/2012	3.62	2012	8	33
8/23/2012	3.66	2012	8	34
8/30/2012	3.59	2012	8	35
9/6/2012	3.55	2012	9	36
9/13/2012	3.55	2012	9	37
9/20/2012	3.49	2012	9	38
9/27/2012	3.4	2012	9	39
10/4/2012	3.36	2012	10	40
10/11/2012	3.39	2012	10	41
10/18/2012	3.37	2012	10	42
10/25/2012	3.41	2012	10	43
11/1/2012	3.39	2012	11	44
11/8/2012	3.4	2012	11	45
11/15/2012	3.34	2012	11	46
11/21/2012	3.31	2012	11	47
11/29/2012	3.32	2012	11	48
12/6/2012	3.34	2012	12	49
12/13/2012	3.32	2012	12	50
12/20/2012	3.37	2012	12	51
12/27/2012	3.35	2012	12	52
1/3/2013	3.34	2013	1	1
1/10/2013	3.4	2013	1	2
1/17/2013	3.38	2013	1	3
1/24/2013	3.42	2013	1	4
1/31/2013	3.53	2013	1	5
2/7/2013	3.53	2013	2	6
2/14/2013	3.53	2013	2	7
2/21/2013	3.56	2013	2	8
2/28/2013	3.51	2013	2	9
3/7/2013	3.52	2013	3	10
3/14/2013	3.63	2013	3	11
3/21/2013	3.54	2013	3	12
3/28/2013	3.57	2013	3	13
4/4/2013	3.54	2013	4	14
4/11/2013	3.43	2013	4	15
4/18/2013	3.41	2013	4	16
4/25/2013	3.4	2013	4	17
5/2/2013	3.35	2013	5	18
5/9/2013	3.42	2013	5	19
5/16/2013	3.51	2013	5	20
5/23/2013	3.59	2013	5	21
5/30/2013	3.81	2013	5	22
6/6/2013	3.91	2013	6	23
6/13/2013	3.98	2013	6	24
6/20/2013	3.93	2013	6	25
6/27/2013	4.46	2013	6	26
7/3/2013	4.29	2013	7	27
7/11/2013	4.51	2013	7	28
7/18/2013	4.37	2013	7	29
7/25/2013	4.31	2013	7	30
8/1/2013	4.39	2013	8	31
8/8/2013	4.4	2013	8	32
8/15/2013	4.4	2013	8	33
8/22/2013	4.58	2013	8	34
8/29/2013	4.51	2013	8	35
9/5/2013	4.57	2013	9	36
9/12/2013	4.57	2013	9	37
9/19/2013	4.5	2013	9	38
9/26/2013	4.32	2013	9	39
10/3/2013	4.22	2013	10	40
10/10/2013	4.23	2013	10	41
10/17/2013	4.28	2013	10	42
10/24/2013	4.13	2013	10	43
10/31/2013	4.1	2013	10	44
11/7/2013	4.16	2013	11	45
11/14/2013	4.35	2013	11	46
11/21/2013	4.22	2013	11	47
11/27/2013	4.29	2013	11	48
12/5/2013	4.46	2013	12	49
12/12/2013	4.42	2013	12	50
12/19/2013	4.47	2013	12	51
12/26/2013	4.48	2013	12	52
1/2/2014	4.53	2014	1	1
1/9/2014	4.51	2014	1	2
1/16/2014	4.41	2014	1	3
1/23/2014	4.39	2014	1	4
1/30/2014	4.32	2014	1	5
2/6/2014	4.23	2014	2	6
2/13/2014	4.28	2014	2	7
2/20/2014	4.33	2014	2	8
2/27/2014	4.37	2014	2	9
3/6/2014	4.28	2014	3	10
3/13/2014	4.37	2014	3	11
3/20/2014	4.32	2014	3	12
3/27/2014	4.4	2014	3	13
4/3/2014	4.41	2014	4	14
4/10/2014	4.34	2014	4	15
4/17/2014	4.27	2014	4	16
4/24/2014	4.33	2014	4	17
5/1/2014	4.29	2014	5	18
5/8/2014	4.21	2014	5	19
5/15/2014	4.2	2014	5	20
5/22/2014	4.14	2014	5	21
5/29/2014	4.12	2014	5	22
6/5/2014	4.14	2014	6	23
6/12/2014	4.2	2014	6	24
6/19/2014	4.17	2014	6	25
6/26/2014	4.14	2014	6	26
7/3/2014	4.12	2014	7	27
7/10/2014	4.15	2014	7	28
7/17/2014	4.13	2014	7	29
7/24/2014	4.13	2014	7	30
7/31/2014	4.12	2014	7	31
8/7/2014	4.14	2014	8	32
8/14/2014	4.12	2014	8	33
8/21/2014	4.1	2014	8	34
8/28/2014	4.1	2014	8	35
9/4/2014	4.1	2014	9	36
9/11/2014	4.12	2014	9	37
9/18/2014	4.23	2014	9	38
9/25/2014	4.2	2014	9	39
10/2/2014	4.19	2014	10	40
10/9/2014	4.12	2014	10	41
10/16/2014	3.97	2014	10	42
10/23/2014	3.92	2014	10	43
10/30/2014	3.98	2014	10	44
11/6/2014	4.02	2014	11	45
11/13/2014	4.01	2014	11	46
11/20/2014	3.99	2014	11	47
11/26/2014	3.97	2014	11	48
12/4/2014	3.89	2014	12	49
12/11/2014	3.93	2014	12	50
12/18/2014	3.8	2014	12	51
12/24/2014	3.83	2014	12	52
12/31/2014	3.87	2014	12	53
1/8/2015	3.73	2015	1	2
1/15/2015	3.66	2015	1	3
1/22/2015	3.63	2015	1	4
1/29/2015	3.66	2015	1	5
2/5/2015	3.59	2015	2	6
2/12/2015	3.69	2015	2	7
2/19/2015	3.76	2015	2	8
2/26/2015	3.8	2015	2	9
3/5/2015	3.75	2015	3	10
3/12/2015	3.86	2015	3	11
3/19/2015	3.78	2015	3	12
3/26/2015	3.69	2015	3	13
4/2/2015	3.7	2015	4	14
4/9/2015	3.66	2015	4	15
4/16/2015	3.67	2015	4	16
4/23/2015	3.65	2015	4	17
4/30/2015	3.68	2015	4	18
5/7/2015	3.8	2015	5	19
5/14/2015	3.85	2015	5	20
5/21/2015	3.84	2015	5	21
5/28/2015	3.87	2015	5	22
6/4/2015	3.87	2015	6	23
6/11/2015	4.04	2015	6	24
6/18/2015	4	2015	6	25
6/25/2015	4.02	2015	6	26
7/2/2015	4.08	2015	7	27
7/9/2015	4.04	2015	7	28
7/16/2015	4.09	2015	7	29
7/23/2015	4.04	2015	7	30
7/30/2015	3.98	2015	7	31
8/6/2015	3.91	2015	8	32
8/13/2015	3.94	2015	8	33
8/20/2015	3.93	2015	8	34
8/27/2015	3.84	2015	8	35
9/3/2015	3.89	2015	9	36
9/10/2015	3.9	2015	9	37
9/17/2015	3.91	2015	9	38
9/24/2015	3.86	2015	9	39
10/1/2015	3.85	2015	10	40
10/8/2015	3.76	2015	10	41
10/15/2015	3.82	2015	10	42
10/22/2015	3.79	2015	10	43
10/29/2015	3.76	2015	10	44
11/5/2015	3.87	2015	11	45
11/12/2015	3.98	2015	11	46
11/19/2015	3.97	2015	11	47
11/25/2015	3.95	2015	11	48
12/3/2015	3.93	2015	12	49
12/10/2015	3.95	2015	12	50
12/17/2015	3.97	2015	12	51
12/24/2015	3.96	2015	12	52
12/31/2015	4.01	2015	12	53
1/7/2016	3.97	2016	1	1
1/14/2016	3.92	2016	1	2
1/21/2016	3.81	2016	1	3
1/28/2016	3.79	2016	1	4
2/4/2016	3.72	2016	2	5
2/11/2016	3.65	2016	2	6
2/18/2016	3.65	2016	2	7
2/25/2016	3.62	2016	2	8
3/3/2016	3.64	2016	3	9
3/10/2016	3.68	2016	3	10
3/17/2016	3.73	2016	3	11
3/24/2016	3.71	2016	3	12
3/31/2016	3.71	2016	3	13
4/7/2016	3.59	2016	4	14
4/14/2016	3.58	2016	4	15
4/21/2016	3.59	2016	4	16
4/28/2016	3.66	2016	4	17
5/5/2016	3.61	2016	5	18
5/12/2016	3.57	2016	5	19
5/19/2016	3.58	2016	5	20
5/26/2016	3.64	2016	5	21
6/2/2016	3.66	2016	6	22
6/9/2016	3.6	2016	6	23
6/16/2016	3.54	2016	6	24
6/23/2016	3.56	2016	6	25
6/30/2016	3.48	2016	6	26
7/7/2016	3.41	2016	7	27
7/14/2016	3.42	2016	7	28
7/21/2016	3.45	2016	7	29
7/28/2016	3.48	2016	7	30
8/4/2016	3.43	2016	8	31
8/11/2016	3.45	2016	8	32
8/18/2016	3.43	2016	8	33
8/25/2016	3.43	2016	8	34
9/1/2016	3.46	2016	9	35
9/8/2016	3.44	2016	9	36
9/15/2016	3.5	2016	9	37
9/22/2016	3.48	2016	9	38
9/29/2016	3.42	2016	9	39
10/6/2016	3.42	2016	10	40
10/13/2016	3.47	2016	10	41
10/20/2016	3.52	2016	10	42
10/27/2016	3.47	2016	10	43
11/3/2016	3.54	2016	11	44
11/10/2016	3.57	2016	11	45
11/17/2016	3.94	2016	11	46
11/23/2016	4.03	2016	11	47
12/1/2016	4.08	2016	12	48
12/8/2016	4.13	2016	12	49
12/15/2016	4.16	2016	12	50
12/22/2016	4.3	2016	12	51
