date	mrate	rate10y	rateff	spread	year	month
04/02/1971	7.33	5.55	4.02	1.78	1971	4
04/09/1971	7.31	5.61	3.98	1.70	1971	4
04/16/1971	7.31	5.77	4.20	1.54	1971	4
04/23/1971	7.31	5.98	4.27	1.33	1971	4
04/30/1971	7.29	6.03	4.14	1.26	1971	4
05/07/1971	7.38	6.24	4.41	1.14	1971	5
05/14/1971	7.42	6.36	4.59	1.06	1971	5
05/21/1971	7.44	6.57	4.55	0.87	1971	5
05/28/1971	7.46	6.41	4.68	1.05	1971	5
06/04/1971	7.52	6.26	4.82	1.26	1971	6
06/11/1971	7.52	6.43	4.77	1.09	1971	6
06/18/1971	7.54	6.66	4.89	0.88	1971	6
06/25/1971	7.54	6.60	4.96	0.94	1971	6
07/02/1971	7.54	6.68	5.07	0.86	1971	7
07/09/1971	7.54	6.67	5.18	0.87	1971	7
07/16/1971	7.60	6.61	5.13	0.99	1971	7
07/23/1971	7.65	6.75	5.46	0.90	1971	7
07/30/1971	7.69	6.89	5.38	0.80	1971	7
08/06/1971	7.66	6.88	5.57	0.78	1971	8
08/13/1971	7.73	6.82	5.59	0.91	1971	8
08/20/1971	7.71	6.35	5.59	1.36	1971	8
08/27/1971	7.69	6.39	5.48	1.30	1971	8
09/03/1971	7.71	6.22	5.59	1.49	1971	9
09/10/1971	7.67	6.10	5.73	1.57	1971	9
09/17/1971	7.70	6.16	5.59	1.54	1971	9
09/24/1971	7.67	6.17	5.46	1.50	1971	9
10/01/1971	7.67	6.07	5.43	1.60	1971	10
10/08/1971	7.63	5.98	5.32	1.65	1971	10
10/15/1971	7.63	5.88	5.29	1.75	1971	10
10/22/1971	7.58	5.92	5.14	1.66	1971	10
10/29/1971	7.63	5.90	5.11	1.73	1971	10
11/05/1971	7.59	5.74	5.16	1.85	1971	11
11/12/1971	7.56	5.78	4.93	1.78	1971	11
11/19/1971	7.54	5.77	4.88	1.77	1971	11
11/26/1971	7.51	5.90	4.86	1.61	1971	11
12/03/1971	7.49	5.92	4.68	1.57	1971	12
12/10/1971	7.47	5.92	4.59	1.55	1971	12
12/17/1971	7.48	5.94	4.20	1.54	1971	12
12/24/1971	7.48	5.99	3.89	1.49	1971	12
12/31/1971	7.48	5.89	4.05	1.59	1971	12
01/07/1972	7.46	5.91	3.57	1.55	1972	1
01/14/1972	7.46	5.87	3.71	1.59	1972	1
01/21/1972	7.43	5.95	3.54	1.48	1972	1
01/28/1972	7.40	6.04	3.43	1.36	1972	1
02/04/1972	7.35	6.08	3.23	1.27	1972	2
02/11/1972	7.33	6.11	3.25	1.22	1972	2
02/18/1972	7.31	6.08	3.43	1.23	1972	2
02/25/1972	7.31	6.07	3.34	1.24	1972	2
03/03/1972	7.32	6.03	3.18	1.29	1972	3
03/10/1972	7.32	6.02	3.43	1.30	1972	3
03/17/1972	7.31	6.08	3.88	1.23	1972	3
03/24/1972	7.31	6.09	3.91	1.22	1972	3
03/31/1972	7.23	6.11	4.09	1.12	1972	3
04/07/1972	7.25	6.17	4.16	1.08	1972	4
04/14/1972	7.29	6.21	4.18	1.08	1972	4
04/21/1972	7.29	6.22	4.04	1.07	1972	4
04/28/1972	7.33	6.17	4.20	1.16	1972	4
05/05/1972	7.33	6.16	4.25	1.17	1972	5
05/12/1972	7.38	6.18	4.20	1.20	1972	5
05/19/1972	7.38	6.14	4.32	1.24	1972	5
05/26/1972	7.40	6.05	4.24	1.35	1972	5
06/02/1972	7.36	6.07	4.38	1.29	1972	6
06/09/1972	7.38	6.12	4.48	1.26	1972	6
06/16/1972	7.38	6.10	4.46	1.28	1972	6
06/23/1972	7.36	6.09	4.39	1.27	1972	6
06/30/1972	7.38	6.13	4.49	1.25	1972	6
07/07/1972	7.38	6.13	4.61	1.25	1972	7
07/14/1972	7.40	6.12	4.62	1.28	1972	7
07/21/1972	7.40	6.10	4.46	1.30	1972	7
07/28/1972	7.40	6.10	4.54	1.30	1972	7
08/04/1972	7.35	6.14	4.56	1.21	1972	8
08/11/1972	7.41	6.15	4.69	1.26	1972	8
08/18/1972	7.42	6.18	4.87	1.24	1972	8
08/25/1972	7.42	6.22	4.75	1.20	1972	8
09/01/1972	7.42	6.38	4.90	1.04	1972	9
09/08/1972	7.42	6.51	4.89	0.91	1972	9
09/15/1972	7.42	6.55	4.69	0.87	1972	9
09/22/1972	7.41	6.57	4.93	0.84	1972	9
09/29/1972	7.43	6.58	4.99	0.85	1972	9
10/06/1972	7.41	6.53	5.15	0.88	1972	10
10/13/1972	7.41	6.49	5.09	0.92	1972	10
10/20/1972	7.44	6.48	4.91	0.96	1972	10
10/27/1972	7.42	6.43	5.01	0.99	1972	10
11/03/1972	7.43	6.37	5.06	1.06	1972	11
11/10/1972	7.42	6.29	5.25	1.13	1972	11
11/17/1972	7.42	6.25	4.89	1.17	1972	11
11/24/1972	7.44	6.26	4.97	1.18	1972	11
12/01/1972	7.45	6.29	5.03	1.16	1972	12
12/08/1972	7.43	6.31	5.17	1.12	1972	12
12/15/1972	7.43	6.35	5.29	1.08	1972	12
12/22/1972	7.45	6.40	5.38	1.05	1972	12
12/29/1972	7.45	6.40	5.34	1.05	1972	12
01/05/1973	7.44	6.42	5.61	1.02	1973	1
01/12/1973	7.44	6.43	5.66	1.01	1973	1
01/19/1973	7.44	6.46	5.86	0.98	1973	1
01/26/1973	7.43	6.50	6.03	0.93	1973	1
02/02/1973	7.43	6.57	6.35	0.86	1973	2
02/09/1973	7.43	6.64	6.21	0.79	1973	2
02/16/1973	7.45	6.62	6.58	0.83	1973	2
02/23/1973	7.45	6.65	6.79	0.80	1973	2
03/02/1973	7.45	6.65	6.75	0.80	1973	3
03/09/1973	7.45	6.67	7.02	0.78	1973	3
03/16/1973	7.45	6.72	7.13	0.73	1973	3
03/23/1973	7.45	6.76	6.96	0.69	1973	3
03/30/1973	7.49	6.71	7.11	0.78	1973	3
04/06/1973	7.51	6.70	7.18	0.81	1973	4
04/13/1973	7.54	6.64	6.84	0.90	1973	4
04/20/1973	7.56	6.64	7.23	0.92	1973	4
04/27/1973	7.56	6.68	7.14	0.88	1973	4
05/04/1973	7.58	6.75	7.43	0.83	1973	5
05/11/1973	7.64	6.81	7.60	0.83	1973	5
05/18/1973	7.69	6.85	7.81	0.84	1973	5
05/24/1973	7.70	6.91	8.06	0.79	1973	5
06/01/1973	7.70	6.94	7.95	0.76	1973	6
06/08/1973	7.73	6.92	8.43	0.81	1973	6
06/15/1973	7.73	6.86	8.17	0.87	1973	6
06/22/1973	7.75	6.89	8.55	0.86	1973	6
06/29/1973	7.76	6.93	8.59	0.83	1973	6
07/06/1973	7.89	7.02	10.21	0.87	1973	7
07/13/1973	8.01	7.05	9.52	0.96	1973	7
07/20/1973	8.12	7.09	10.22	1.03	1973	7
07/27/1973	8.18	7.24	10.58	0.94	1973	7
08/03/1973	8.26	7.48	10.57	0.78	1973	8
08/10/1973	8.40	7.54	10.39	0.86	1973	8
08/17/1973	8.55	7.41	10.39	1.14	1973	8
08/24/1973	8.61	7.33	10.52	1.28	1973	8
08/31/1973	8.66	7.26	10.79	1.40	1973	8
09/07/1973	8.77	7.13	10.79	1.64	1973	9
09/14/1973	8.81	7.19	10.74	1.62	1973	9
09/21/1973	8.83	7.09	10.80	1.74	1973	9
09/28/1973	8.85	6.95	10.84	1.90	1973	9
10/05/1973	8.82	6.89	10.72	1.93	1973	10
10/12/1973	8.83	6.77	9.87	2.06	1973	10
10/19/1973	8.75	6.80	10.07	1.95	1973	10
10/26/1973	8.68	6.75	9.98	1.93	1973	10
11/02/1973	8.62	6.72	9.90	1.90	1973	11
11/09/1973	8.59	6.76	9.71	1.83	1973	11
11/16/1973	8.58	6.76	10.03	1.82	1973	11
11/23/1973	8.57	6.71	10.23	1.86	1973	11
11/30/1973	8.55	6.70	10.09	1.85	1973	11
12/07/1973	8.53	6.72	10.17	1.81	1973	12
12/14/1973	8.53	6.69	10.04	1.84	1973	12
12/21/1973	8.53	6.71	10.18	1.82	1973	12
12/28/1973	8.56	6.87	9.52	1.69	1973	12
01/04/1974	8.56	6.94	9.87	1.62	1974	1
01/11/1974	8.53	6.98	9.76	1.55	1974	1
01/18/1974	8.55	6.99	9.77	1.56	1974	1
01/25/1974	8.52	7.01	9.60	1.51	1974	1
02/01/1974	8.48	7.01	9.47	1.47	1974	2
02/08/1974	8.46	6.94	9.13	1.52	1974	2
02/15/1974	8.46	6.93	8.93	1.53	1974	2
02/22/1974	8.42	6.96	9.07	1.46	1974	2
03/01/1974	8.41	7.01	8.81	1.40	1974	3
03/08/1974	8.41	7.08	8.98	1.33	1974	3
03/15/1974	8.40	7.12	9.03	1.28	1974	3
03/22/1974	8.40	7.28	9.33	1.12	1974	3
03/29/1974	8.41	7.38	9.61	1.03	1974	3
04/05/1974	8.44	7.47	9.93	0.97	1974	4
04/12/1974	8.53	7.48	10.02	1.05	1974	4
04/19/1974	8.63	7.46	10.36	1.17	1974	4
04/26/1974	8.73	7.58	10.78	1.15	1974	4
05/03/1974	8.87	7.63	11.17	1.24	1974	5
05/10/1974	8.98	7.66	11.29	1.32	1974	5
05/17/1974	8.97	7.55	11.46	1.42	1974	5
05/24/1974	9.01	7.54	10.95	1.47	1974	5
05/31/1974	9.03	7.51	11.54	1.52	1974	5
06/07/1974	9.06	7.51	11.45	1.55	1974	6
06/14/1974	9.11	7.49	11.60	1.62	1974	6
06/21/1974	9.07	7.53	11.85	1.54	1974	6
06/28/1974	9.10	7.62	11.97	1.48	1974	6
07/05/1974	9.14	7.68	13.55	1.46	1974	7
07/12/1974	9.19	7.82	13.34	1.37	1974	7
07/19/1974	9.37	7.88	13.04	1.49	1974	7
07/26/1974	9.42	7.77	12.60	1.65	1974	7
08/02/1974	9.47	7.90	12.29	1.57	1974	8
08/09/1974	9.50	7.99	12.09	1.51	1974	8
08/16/1974	9.60	8.04	12.02	1.56	1974	8
08/23/1974	9.62	8.05	12.23	1.57	1974	8
08/30/1974	9.74	8.14	11.84	1.60	1974	8
09/06/1974	9.88	8.11	11.64	1.77	1974	9
09/13/1974	9.92	8.07	11.48	1.85	1974	9
09/20/1974	10.00	8.07	11.41	1.93	1974	9
09/27/1974	10.03	7.94	11.12	2.09	1974	9
10/04/1974	10.02	7.99	11.04	2.03	1974	10
10/11/1974	9.96	7.94	10.43	2.02	1974	10
10/18/1974	9.99	7.87	10.11	2.12	1974	10
10/25/1974	9.94	7.84	9.81	2.10	1974	10
11/01/1974	9.87	7.82	9.72	2.05	1974	11
11/08/1974	9.81	7.76	9.63	2.05	1974	11
11/15/1974	9.81	7.72	9.37	2.09	1974	11
11/22/1974	9.73	7.61	9.34	2.12	1974	11
11/29/1974	9.72	7.63	9.46	2.09	1974	11
12/06/1974	9.69	7.67	9.02	2.02	1974	12
12/13/1974	9.63	7.39	8.86	2.24	1974	12
12/20/1974	9.58	7.28	8.72	2.30	1974	12
12/27/1974	9.56	7.40	8.45	2.16	1974	12
01/03/1975	9.60	7.41	7.35	2.19	1975	1
01/10/1975	9.49	7.38	7.70	2.11	1975	1
01/17/1975	9.43	7.51	7.22	1.92	1975	1
01/24/1975	9.35	7.57	7.17	1.78	1975	1
01/31/1975	9.29	7.58	6.99	1.71	1975	1
02/07/1975	9.20	7.42	6.46	1.78	1975	2
02/14/1975	9.13	7.42	6.28	1.71	1975	2
02/21/1975	9.07	7.27	6.29	1.80	1975	2
02/28/1975	9.02	7.44	6.15	1.58	1975	2
03/07/1975	9.00	7.50	5.88	1.50	1975	3
03/14/1975	8.89	7.57	5.44	1.32	1975	3
03/21/1975	8.86	7.80	5.38	1.06	1975	3
03/28/1975	8.86	8.05	5.53	0.81	1975	3
04/04/1975	8.83	8.12	5.59	0.71	1975	4
04/11/1975	8.81	8.21	5.28	0.60	1975	4
04/18/1975	8.80	8.19	5.44	0.61	1975	4
04/25/1975	8.84	8.28	5.54	0.56	1975	4
05/02/1975	8.92	8.28	5.71	0.64	1975	5
05/09/1975	8.88	8.09	5.42	0.79	1975	5
05/16/1975	8.92	8.04	5.20	0.88	1975	5
05/23/1975	8.92	8.00	5.13	0.92	1975	5
05/30/1975	8.89	8.06	5.14	0.83	1975	5
06/06/1975	8.89	7.97	5.24	0.92	1975	6
06/13/1975	8.90	7.71	5.15	1.19	1975	6
06/20/1975	8.88	7.79	5.31	1.09	1975	6
06/27/1975	8.90	7.95	5.72	0.95	1975	6
07/03/1975	8.88	8.01	6.31	0.87	1975	7
07/11/1975	8.90	8.02	6.06	0.88	1975	7
07/18/1975	8.89	8.02	5.93	0.87	1975	7
07/25/1975	8.89	8.09	6.14	0.80	1975	7
08/01/1975	8.89	8.17	6.25	0.72	1975	8
08/08/1975	8.89	8.40	6.09	0.49	1975	8
08/15/1975	8.93	8.42	6.08	0.51	1975	8
08/22/1975	8.98	8.45	6.15	0.53	1975	8
08/29/1975	9.02	8.35	6.23	0.67	1975	8
09/05/1975	9.08	8.30	6.06	0.78	1975	9
09/12/1975	9.16	8.47	6.15	0.69	1975	9
09/19/1975	9.14	8.52	6.28	0.62	1975	9
09/26/1975	9.14	8.37	6.29	0.77	1975	9
10/03/1975	9.20	8.44	6.36	0.76	1975	10
10/10/1975	9.21	8.26	6.06	0.95	1975	10
10/17/1975	9.21	8.13	5.82	1.08	1975	10
10/24/1975	9.26	8.03	5.73	1.23	1975	10
10/31/1975	9.24	7.96	5.65	1.28	1975	10
11/07/1975	9.19	7.93	5.17	1.26	1975	11
11/14/1975	9.16	7.97	5.24	1.19	1975	11
11/21/1975	9.12	8.14	5.24	0.98	1975	11
11/28/1975	9.11	8.15	5.28	0.96	1975	11
12/05/1975	9.11	8.12	5.25	0.99	1975	12
12/12/1975	9.11	8.19	5.26	0.92	1975	12
12/19/1975	9.08	7.97	5.17	1.11	1975	12
12/26/1975	9.09	7.83	5.18	1.26	1975	12
01/02/1976	9.10	7.75	5.18	1.35	1976	1
01/09/1976	9.07	7.69	5.12	1.38	1976	1
01/16/1976	9.01	7.70	4.76	1.31	1976	1
01/23/1976	9.00	7.77	4.81	1.23	1976	1
01/30/1976	8.90	7.81	4.80	1.09	1976	1
02/06/1976	8.86	7.84	4.82	1.02	1976	2
02/13/1976	8.83	7.85	4.73	0.98	1976	2
02/20/1976	8.81	7.79	4.70	1.02	1976	2
02/27/1976	8.75	7.71	4.80	1.04	1976	2
03/05/1976	8.77	7.83	4.95	0.94	1976	3
03/12/1976	8.75	7.76	4.86	0.99	1976	3
03/19/1976	8.75	7.75	4.77	1.00	1976	3
03/26/1976	8.75	7.66	4.79	1.09	1976	3
04/02/1976	8.70	7.66	4.84	1.04	1976	4
04/09/1976	8.70	7.57	4.73	1.13	1976	4
04/16/1976	8.75	7.49	4.77	1.26	1976	4
04/23/1976	8.75	7.52	4.78	1.23	1976	4
04/30/1976	8.75	7.62	4.93	1.13	1976	4
05/07/1976	8.75	7.74	5.03	1.01	1976	5
05/14/1976	8.75	7.93	5.02	0.82	1976	5
05/21/1976	8.78	7.95	5.28	0.83	1976	5
05/28/1976	8.78	7.96	5.50	0.82	1976	5
06/04/1976	8.78	7.92	5.54	0.86	1976	6
06/11/1976	8.83	7.88	5.44	0.95	1976	6
06/18/1976	8.88	7.84	5.47	1.04	1976	6
06/25/1976	8.90	7.81	5.48	1.09	1976	6
07/02/1976	8.93	7.86	5.58	1.07	1976	7
07/09/1976	8.93	7.82	5.37	1.11	1976	7
07/16/1976	8.93	7.78	5.27	1.15	1976	7
07/23/1976	8.90	7.86	5.30	1.04	1976	7
07/30/1976	8.98	7.86	5.28	1.12	1976	7
08/06/1976	9.00	7.83	5.36	1.17	1976	8
08/13/1976	9.00	7.82	5.25	1.18	1976	8
08/20/1976	9.00	7.75	5.29	1.25	1976	8
08/27/1976	9.00	7.71	5.28	1.29	1976	8
09/03/1976	9.00	7.67	5.28	1.33	1976	9
09/10/1976	8.97	7.65	5.25	1.32	1976	9
09/17/1976	8.97	7.60	5.22	1.37	1976	9
09/24/1976	8.97	7.54	5.21	1.43	1976	9
10/01/1976	8.90	7.55	5.32	1.35	1976	10
10/08/1976	8.95	7.44	5.17	1.51	1976	10
10/15/1976	8.95	7.34	5.02	1.61	1976	10
10/22/1976	8.95	7.38	4.97	1.57	1976	10
10/29/1976	8.90	7.46	4.99	1.44	1976	10
11/05/1976	8.85	7.40	5.06	1.45	1976	11
11/12/1976	8.80	7.45	4.98	1.35	1976	11
11/19/1976	8.80	7.33	5.02	1.47	1976	11
11/26/1976	8.80	7.12	4.90	1.68	1976	11
12/03/1976	8.80	6.96	4.78	1.84	1976	12
12/10/1976	8.80	6.88	4.67	1.92	1976	12
12/17/1976	8.80	6.89	4.68	1.91	1976	12
12/24/1976	8.78	6.85	4.63	1.93	1976	12
12/31/1976	8.78	6.83	4.66	1.95	1976	12
01/07/1977	8.70	6.92	4.47	1.78	1977	1
01/14/1977	8.73	7.24	4.55	1.49	1977	1
01/21/1977	8.73	7.29	4.65	1.44	1977	1
01/28/1977	8.73	7.36	4.72	1.37	1977	1
02/04/1977	8.68	7.40	4.60	1.28	1977	2
02/11/1977	8.70	7.35	4.66	1.35	1977	2
02/18/1977	8.65	7.35	4.70	1.30	1977	2
02/25/1977	8.65	7.47	4.74	1.18	1977	2
03/04/1977	8.65	7.46	4.68	1.19	1977	3
03/11/1977	8.70	7.49	4.63	1.21	1977	3
03/18/1977	8.70	7.45	4.62	1.25	1977	3
03/25/1977	8.70	7.45	4.77	1.25	1977	3
04/01/1977	8.70	7.45	4.74	1.25	1977	4
04/08/1977	8.75	7.45	4.60	1.30	1977	4
04/15/1977	8.75	7.32	4.65	1.43	1977	4
04/22/1977	8.78	7.31	4.71	1.47	1977	4
04/29/1977	8.78	7.40	4.82	1.38	1977	4
05/06/1977	8.78	7.46	5.15	1.32	1977	5
05/13/1977	8.83	7.50	5.31	1.33	1977	5
05/20/1977	8.85	7.46	5.34	1.39	1977	5
05/27/1977	8.85	7.41	5.45	1.44	1977	5
06/03/1977	8.85	7.38	5.36	1.47	1977	6
06/10/1977	8.85	7.35	5.31	1.50	1977	6
06/17/1977	8.85	7.24	5.37	1.61	1977	6
06/24/1977	8.88	7.25	5.43	1.63	1977	6
07/01/1977	8.95	7.22	5.43	1.73	1977	7
07/08/1977	8.93	7.33	5.35	1.60	1977	7
07/15/1977	8.95	7.31	5.33	1.64	1977	7
07/22/1977	8.95	7.32	5.35	1.63	1977	7
07/29/1977	8.93	7.35	5.45	1.58	1977	7
08/05/1977	8.95	7.43	5.80	1.52	1977	8
08/12/1977	8.95	7.45	5.70	1.50	1977	8
08/19/1977	8.93	7.44	5.94	1.49	1977	8
08/26/1977	8.93	7.34	5.99	1.59	1977	8
09/02/1977	8.88	7.27	6.02	1.61	1977	9
09/09/1977	8.90	7.29	5.97	1.61	1977	9
09/16/1977	8.90	7.35	6.05	1.55	1977	9
09/23/1977	8.90	7.36	6.10	1.54	1977	9
09/30/1977	8.90	7.40	6.35	1.50	1977	9
10/07/1977	8.93	7.43	6.41	1.50	1977	10
10/14/1977	8.93	7.54	6.41	1.39	1977	10
10/21/1977	8.93	7.55	6.50	1.38	1977	10
10/28/1977	8.90	7.57	6.49	1.33	1977	10
11/04/1977	8.90	7.65	6.50	1.25	1977	11
11/11/1977	8.93	7.60	6.58	1.33	1977	11
11/18/1977	8.93	7.55	6.42	1.38	1977	11
11/25/1977	8.93	7.54	6.51	1.39	1977	11
12/02/1977	8.95	7.56	6.55	1.39	1977	12
12/09/1977	8.95	7.63	6.51	1.32	1977	12
12/16/1977	8.95	7.66	6.49	1.29	1977	12
12/23/1977	8.95	7.73	6.54	1.22	1977	12
12/30/1977	9.00	7.79	6.65	1.21	1977	12
01/06/1978	9.00	7.83	6.69	1.17	1978	1
01/13/1978	9.03	8.01	6.58	1.02	1978	1
01/20/1978	8.98	7.98	6.78	1.00	1978	1
01/27/1978	9.05	7.98	6.72	1.07	1978	1
02/03/1978	9.13	7.96	6.80	1.17	1978	2
02/10/1978	9.15	8.00	6.75	1.15	1978	2
02/17/1978	9.15	8.08	6.76	1.07	1978	2
02/24/1978	9.15	8.08	6.78	1.07	1978	2
03/03/1978	9.15	8.04	6.80	1.11	1978	3
03/10/1978	9.15	8.03	6.76	1.12	1978	3
03/17/1978	9.23	8.00	6.77	1.23	1978	3
03/24/1978	9.23	7.98	6.77	1.25	1978	3
03/31/1978	9.25	8.12	6.82	1.13	1978	3
04/07/1978	9.28	8.14	6.86	1.14	1978	4
04/14/1978	9.33	8.15	6.74	1.18	1978	4
04/21/1978	9.38	8.12	6.78	1.26	1978	4
04/28/1978	9.43	8.21	7.00	1.22	1978	4
05/05/1978	9.48	8.28	7.27	1.20	1978	5
05/12/1978	9.55	8.35	7.32	1.20	1978	5
05/19/1978	9.58	8.35	7.34	1.23	1978	5
05/26/1978	9.68	8.39	7.43	1.29	1978	5
06/02/1978	9.68	8.41	7.36	1.27	1978	6
06/09/1978	9.70	8.38	7.47	1.32	1978	6
06/16/1978	9.73	8.41	7.49	1.32	1978	6
06/23/1978	9.70	8.49	7.53	1.21	1978	6
06/30/1978	9.73	8.59	7.78	1.14	1978	6
07/07/1978	9.73	8.62	7.72	1.11	1978	7
07/14/1978	9.73	8.68	7.72	1.05	1978	7
07/21/1978	9.75	8.65	7.94	1.10	1978	7
07/28/1978	9.75	8.63	7.88	1.12	1978	7
08/04/1978	9.78	8.46	7.89	1.32	1978	8
08/11/1978	9.78	8.39	7.83	1.39	1978	8
08/18/1978	9.78	8.48	7.87	1.30	1978	8
08/25/1978	9.80	8.37	8.14	1.43	1978	8
09/01/1978	9.75	8.38	8.28	1.37	1978	9
09/08/1978	9.75	8.34	8.30	1.41	1978	9
09/15/1978	9.75	8.31	8.33	1.44	1978	9
09/22/1978	9.75	8.46	8.36	1.29	1978	9
09/29/1978	9.78	8.55	8.62	1.23	1978	9
10/06/1978	9.85	8.58	8.85	1.27	1978	10
10/13/1978	9.85	8.54	8.71	1.31	1978	10
10/20/1978	9.85	8.62	8.78	1.23	1978	10
10/27/1978	9.88	8.69	9.24	1.19	1978	10
11/03/1978	9.90	8.82	9.29	1.08	1978	11
11/10/1978	10.05	8.86	9.77	1.19	1978	11
11/17/1978	10.20	8.77	9.68	1.43	1978	11
11/24/1978	10.28	8.78	9.68	1.50	1978	11
12/01/1978	10.30	8.85	9.85	1.45	1978	12
12/08/1978	10.35	8.86	9.87	1.49	1978	12
12/15/1978	10.35	8.95	9.79	1.40	1978	12
12/22/1978	10.35	9.14	9.75	1.21	1978	12
12/29/1978	10.38	9.14	10.25	1.24	1978	12
01/05/1979	10.38	9.14	10.59	1.24	1979	1
01/12/1979	10.38	9.15	9.97	1.23	1979	1
01/19/1979	10.40	9.16	10.05	1.24	1979	1
01/26/1979	10.40	9.04	10.05	1.36	1979	1
02/02/1979	10.40	8.94	10.12	1.46	1979	2
02/09/1979	10.43	9.05	10.06	1.38	1979	2
02/16/1979	10.40	9.12	10.15	1.28	1979	2
02/23/1979	10.40	9.17	9.97	1.23	1979	2
03/02/1979	10.43	9.18	10.06	1.25	1979	3
03/09/1979	10.40	9.11	10.07	1.29	1979	3
03/16/1979	10.40	9.12	10.21	1.28	1979	3
03/23/1979	10.45	9.12	10.09	1.33	1979	3
03/30/1979	10.45	9.09	10.00	1.36	1979	3
04/06/1979	10.48	9.09	9.95	1.39	1979	4
04/13/1979	10.48	9.18	9.93	1.30	1979	4
04/20/1979	10.50	9.17	9.96	1.33	1979	4
04/27/1979	10.53	9.25	10.09	1.28	1979	4
05/04/1979	10.60	9.36	10.22	1.24	1979	5
05/11/1979	10.68	9.37	10.25	1.31	1979	5
05/18/1979	10.73	9.28	10.25	1.45	1979	5
05/25/1979	10.75	9.11	10.17	1.64	1979	5
06/01/1979	10.90	9.04	10.28	1.86	1979	6
06/08/1979	11.03	8.97	10.23	2.06	1979	6
06/15/1979	11.05	8.88	10.23	2.17	1979	6
06/22/1979	11.10	8.95	10.28	2.15	1979	6
06/29/1979	11.10	8.83	10.32	2.27	1979	6
07/06/1979	11.13	8.79	10.42	2.34	1979	7
07/13/1979	11.08	8.93	10.28	2.15	1979	7
07/20/1979	11.08	9.01	10.35	2.07	1979	7
07/27/1979	11.08	9.01	10.63	2.07	1979	7
08/03/1979	11.08	8.97	10.75	2.11	1979	8
08/10/1979	11.08	8.94	10.67	2.14	1979	8
08/17/1979	11.08	9.00	10.80	2.08	1979	8
08/24/1979	11.10	9.06	11.04	2.04	1979	8
08/31/1979	11.13	9.17	11.16	1.96	1979	8
09/07/1979	11.20	9.33	11.02	1.87	1979	9
09/14/1979	11.30	9.31	11.30	1.99	1979	9
09/21/1979	11.35	9.32	11.37	2.03	1979	9
09/28/1979	11.35	9.38	11.61	1.97	1979	9
10/05/1979	11.35	9.53	11.91	1.82	1979	10
10/12/1979	11.45	10.09	12.00	1.36	1979	10
10/19/1979	11.75	10.37	13.22	1.38	1979	10
10/26/1979	12.00	10.89	15.14	1.11	1979	10
11/02/1979	12.80	10.78	15.61	2.02	1979	11
11/09/1979	12.85	10.87	13.77	1.98	1979	11
11/16/1979	12.80	10.69	13.30	2.11	1979	11
11/23/1979	12.80	10.71	13.10	2.09	1979	11
11/30/1979	12.90	10.34	12.46	2.56	1979	11
12/07/1979	12.90	10.29	13.77	2.61	1979	12
12/14/1979	12.90	10.45	13.79	2.45	1979	12
12/21/1979	12.90	10.37	13.90	2.53	1979	12
12/28/1979	12.90	10.45	13.49	2.45	1979	12
01/04/1980	12.85	10.52	14.04	2.33	1980	1
01/11/1980	12.90	10.59	13.94	2.31	1980	1
01/18/1980	12.87	10.71	13.91	2.16	1980	1
01/25/1980	12.89	10.95	13.77	1.94	1980	1
02/01/1980	12.85	11.19	13.54	1.66	1980	2
02/08/1980	12.85	11.71	12.80	1.14	1980	2
02/15/1980	12.88	12.01	13.64	0.87	1980	2
02/22/1980	13.03	12.99	14.87	0.04	1980	2
02/29/1980	13.59	13.20	14.62	0.39	1980	2
03/07/1980	14.00	12.94	16.17	1.06	1980	3
03/14/1980	15.40	12.54	16.45	2.86	1980	3
03/21/1980	15.70	12.54	16.24	3.16	1980	3
03/28/1980	16.03	13.00	17.78	3.03	1980	3
04/04/1980	16.35	12.62	19.39	3.73	1980	4
04/11/1980	16.35	12.05	19.04	4.30	1980	4
04/18/1980	16.35	11.25	18.35	5.10	1980	4
04/25/1980	16.25	10.90	17.56	5.35	1980	4
05/02/1980	15.90	10.57	15.12	5.33	1980	5
05/09/1980	14.68	10.08	12.96	4.60	1980	5
05/16/1980	14.15	10.25	10.85	3.90	1980	5
05/23/1980	13.38	10.16	10.71	3.22	1980	5
05/30/1980	13.20	10.14	9.46	3.06	1980	5
06/06/1980	13.06	10.07	10.74	2.99	1980	6
06/13/1980	12.85	9.66	9.68	3.19	1980	6
06/20/1980	12.58	9.51	8.99	3.07	1980	6
06/27/1980	12.35	9.80	9.08	2.55	1980	6
07/04/1980	12.18	10.11	9.41	2.07	1980	7
07/11/1980	12.23	10.18	9.26	2.05	1980	7
07/18/1980	12.18	10.20	8.98	1.98	1980	7
07/25/1980	12.18	10.20	8.68	1.98	1980	7
08/01/1980	12.25	10.59	8.98	1.66	1980	8
08/08/1980	12.25	10.75	9.60	1.50	1980	8
08/15/1980	12.55	10.93	8.85	1.62	1980	8
08/22/1980	12.80	11.20	9.35	1.60	1980	8
08/29/1980	12.95	11.59	10.03	1.36	1980	8
09/05/1980	13.03	11.19	10.47	1.84	1980	9
09/12/1980	13.08	11.26	10.22	1.82	1980	9
09/19/1980	13.25	11.51	10.64	1.74	1980	9
09/26/1980	13.43	11.82	10.85	1.61	1980	9
10/03/1980	13.60	11.79	12.38	1.81	1980	10
10/10/1980	13.73	11.42	12.59	2.31	1980	10
10/17/1980	13.78	11.44	12.64	2.34	1980	10
10/24/1980	13.85	11.76	12.55	2.09	1980	10
10/31/1980	14.00	12.37	13.17	1.63	1980	10
11/07/1980	14.08	12.69	13.99	1.39	1980	11
11/14/1980	14.18	12.63	14.65	1.55	1980	11
11/21/1980	14.28	12.69	15.22	1.59	1980	11
11/28/1980	14.28	12.72	17.43	1.56	1980	11
12/05/1980	14.43	12.91	17.72	1.52	1980	12
12/12/1980	14.83	13.19	18.82	1.64	1980	12
12/19/1980	14.95	13.18	19.83	1.77	1980	12
12/26/1980	14.95	12.29	19.44	2.66	1980	12
01/02/1981	14.95	12.36	18.45	2.59	1981	1
01/09/1981	14.80	12.31	20.06	2.49	1981	1
01/16/1981	14.85	12.53	19.64	2.32	1981	1
01/23/1981	14.85	12.72	19.35	2.13	1981	1
01/30/1981	15.07	12.74	18.12	2.33	1981	1
02/06/1981	15.00	12.95	17.19	2.05	1981	2
02/13/1981	15.03	13.39	16.51	1.64	1981	2
02/20/1981	15.20	13.16	15.81	2.04	1981	2
02/27/1981	15.30	13.32	14.96	1.98	1981	2
03/06/1981	15.40	13.43	15.73	1.97	1981	3
03/13/1981	15.40	13.04	15.53	2.36	1981	3
03/20/1981	15.40	12.71	14.13	2.69	1981	3
03/27/1981	15.40	13.27	13.48	2.13	1981	3
04/03/1981	15.40	13.23	14.93	2.17	1981	4
04/10/1981	15.50	13.56	15.43	1.94	1981	4
04/17/1981	15.65	13.70	15.33	1.95	1981	4
04/24/1981	15.77	13.78	15.55	1.99	1981	4
05/01/1981	15.82	14.01	16.28	1.81	1981	5
05/08/1981	16.12	14.46	18.91	1.66	1981	5
05/15/1981	16.64	14.32	18.21	2.32	1981	5
05/22/1981	16.63	13.92	18.89	2.71	1981	5
05/29/1981	16.80	13.61	18.71	3.19	1981	5
06/05/1981	16.76	13.53	18.40	3.23	1981	6
06/12/1981	16.69	13.34	19.33	3.35	1981	6
06/19/1981	16.71	13.29	19.10	3.42	1981	6
06/26/1981	16.62	13.61	19.20	3.01	1981	6
07/03/1981	16.64	13.88	18.84	2.76	1981	7
07/10/1981	16.79	14.00	19.93	2.79	1981	7
07/17/1981	16.74	14.08	18.76	2.66	1981	7
07/24/1981	16.88	14.56	19.05	2.32	1981	7
07/31/1981	17.11	14.59	18.54	2.52	1981	7
08/07/1981	17.13	14.90	18.25	2.23	1981	8
08/14/1981	17.27	14.61	18.29	2.66	1981	8
08/21/1981	17.26	14.83	18.19	2.43	1981	8
08/28/1981	17.48	15.32	17.41	2.16	1981	8
09/04/1981	17.79	15.44	16.89	2.35	1981	9
09/11/1981	18.22	15.37	16.50	2.85	1981	9
09/18/1981	18.27	15.05	16.09	3.22	1981	9
09/25/1981	18.36	15.21	15.33	3.15	1981	9
10/02/1981	18.28	15.68	15.00	2.60	1981	10
10/09/1981	18.63	15.02	15.46	3.61	1981	10
10/16/1981	18.53	14.88	14.93	3.65	1981	10
10/21/1981	18.39	15.21	15.32	3.18	1981	10
10/30/1981	18.44	15.25	14.87	3.19	1981	10
11/06/1981	18.37	14.22	14.79	4.15	1981	11
11/13/1981	18.02	13.29	14.01	4.73	1981	11
11/20/1981	17.70	13.09	13.17	4.61	1981	11
11/27/1981	17.21	13.12	12.42	4.09	1981	11
12/04/1981	16.90	13.32	12.48	3.58	1981	12
12/11/1981	16.94	13.66	12.04	3.28	1981	12
12/18/1981	16.90	13.58	12.26	3.32	1981	12
12/25/1981	16.95	14.00	12.43	2.95	1981	12
12/31/1981	17.04	14.07	12.54	2.97	1981	12
01/08/1982	17.30	14.47	12.98	2.83	1982	1
01/15/1982	17.44	14.76	12.42	2.68	1982	1
01/22/1982	17.61	14.73	12.96	2.88	1982	1
01/29/1982	17.59	14.42	13.98	3.17	1982	1
02/05/1982	17.56	14.63	14.77	2.93	1982	2
02/12/1982	17.65	14.84	15.19	2.81	1982	2
02/19/1982	17.66	14.39	15.61	3.27	1982	2
02/26/1982	17.52	13.92	13.86	3.60	1982	2
03/05/1982	17.29	13.70	14.07	3.59	1982	3
03/12/1982	17.19	13.80	14.35	3.39	1982	3
03/19/1982	17.12	13.90	14.89	3.22	1982	3
03/26/1982	17.04	13.86	14.48	3.18	1982	3
04/02/1982	16.95	14.15	14.99	2.80	1982	4
04/09/1982	16.91	14.13	15.15	2.78	1982	4
04/16/1982	16.93	13.85	14.68	3.08	1982	4
04/23/1982	16.86	13.69	15.01	3.17	1982	4
04/30/1982	16.81	13.78	14.72	3.03	1982	4
05/07/1982	16.78	13.73	15.53	3.05	1982	5
05/14/1982	16.63	13.53	14.97	3.10	1982	5
05/21/1982	16.67	13.57	14.67	3.10	1982	5
05/28/1982	16.63	13.66	13.70	2.97	1982	5
06/04/1982	16.65	13.92	13.43	2.73	1982	6
06/11/1982	16.70	13.97	13.60	2.73	1982	6
06/18/1982	16.71	14.36	14.24	2.35	1982	6
06/25/1982	16.73	14.70	14.17	2.03	1982	6
07/02/1982	16.87	14.54	14.81	2.33	1982	7
07/09/1982	16.93	14.30	14.47	2.63	1982	7
07/16/1982	16.88	13.93	13.18	2.95	1982	7
07/23/1982	16.75	13.58	12.14	3.17	1982	7
07/30/1982	16.65	13.85	11.02	2.80	1982	7
08/06/1982	16.55	13.63	11.15	2.92	1982	8
08/13/1982	16.44	13.57	10.90	2.87	1982	8
08/20/1982	16.21	12.60	10.11	3.61	1982	8
08/27/1982	15.88	12.51	9.04	3.37	1982	8
09/03/1982	15.59	12.69	10.15	2.90	1982	9
09/10/1982	15.56	12.58	10.14	2.98	1982	9
09/17/1982	15.38	12.58	10.27	2.80	1982	9
09/24/1982	15.19	12.14	10.31	3.05	1982	9
10/01/1982	15.13	11.78	10.12	3.35	1982	10
10/08/1982	14.96	11.33	10.77	3.63	1982	10
10/15/1982	14.60	10.57	9.60	4.03	1982	10
10/22/1982	14.20	10.67	9.53	3.53	1982	10
10/29/1982	14.15	10.87	9.44	3.28	1982	10
11/05/1982	13.91	10.48	9.43	3.43	1982	11
11/12/1982	13.84	10.53	9.45	3.31	1982	11
11/19/1982	13.78	10.56	9.61	3.22	1982	11
11/26/1982	13.77	10.52	8.91	3.25	1982	11
12/03/1982	13.66	10.69	8.69	2.97	1982	12
12/10/1982	13.66	10.56	8.84	3.10	1982	12
12/17/1982	13.63	10.56	8.86	3.07	1982	12
12/24/1982	13.60	10.56	8.69	3.04	1982	12
12/31/1982	13.57	10.43	8.79	3.14	1982	12
01/07/1983	13.46	10.36	10.21	3.10	1983	1
01/14/1983	13.31	10.32	8.42	2.99	1983	1
01/21/1983	13.12	10.41	8.49	2.71	1983	1
01/28/1983	13.10	10.68	8.44	2.42	1983	1
02/04/1983	13.06	10.88	8.53	2.18	1983	2
02/11/1983	13.06	10.92	8.50	2.14	1983	2
02/18/1983	13.07	10.75	8.62	2.32	1983	2
02/25/1983	12.98	10.40	8.47	2.58	1983	2
03/04/1983	12.74	10.25	8.44	2.49	1983	3
03/11/1983	12.79	10.51	8.59	2.28	1983	3
03/18/1983	12.81	10.52	8.57	2.29	1983	3
03/25/1983	12.86	10.60	8.75	2.26	1983	3
04/01/1983	12.82	10.62	8.88	2.20	1983	4
04/08/1983	12.82	10.52	9.43	2.30	1983	4
04/15/1983	12.79	10.37	8.76	2.42	1983	4
04/22/1983	12.75	10.38	8.70	2.37	1983	4
04/29/1983	12.73	10.33	8.58	2.40	1983	4
05/06/1983	12.71	10.19	8.80	2.52	1983	5
05/13/1983	12.59	10.21	8.48	2.38	1983	5
05/20/1983	12.55	10.45	8.59	2.10	1983	5
05/27/1983	12.68	10.59	8.72	2.09	1983	5
06/03/1983	12.74	10.79	8.77	1.95	1983	6
06/10/1983	12.82	10.87	8.84	1.95	1983	6
06/17/1983	12.96	10.71	8.84	2.25	1983	6
06/24/1983	12.96	10.87	9.14	2.09	1983	6
07/01/1983	13.08	11.01	8.90	2.07	1983	7
07/08/1983	13.30	11.25	9.39	2.05	1983	7
07/15/1983	13.50	11.40	9.21	2.10	1983	7
07/22/1983	13.58	11.36	9.43	2.22	1983	7
07/29/1983	13.65	11.57	9.46	2.08	1983	7
08/05/1983	13.73	11.95	9.59	1.78	1983	8
08/12/1983	13.84	12.10	9.66	1.74	1983	8
08/19/1983	13.89	11.71	9.67	2.18	1983	8
08/26/1983	13.78	11.58	9.41	2.20	1983	8
09/02/1983	13.77	11.94	9.44	1.83	1983	9
09/09/1983	13.77	11.76	9.53	2.01	1983	9
09/16/1983	13.72	11.69	9.54	2.03	1983	9
09/23/1983	13.72	11.59	9.48	2.13	1983	9
09/30/1983	13.65	11.46	9.04	2.19	1983	9
10/07/1983	13.59	11.38	10.00	2.21	1983	10
10/14/1983	13.60	11.60	9.46	2.00	1983	10
10/21/1983	13.52	11.47	9.36	2.05	1983	10
10/28/1983	13.43	11.68	9.36	1.75	1983	10
11/04/1983	13.42	11.75	9.40	1.67	1983	11
11/11/1983	13.47	11.80	9.36	1.67	1983	11
11/18/1983	13.42	11.70	9.42	1.72	1983	11
11/25/1983	13.43	11.59	9.26	1.84	1983	11
12/02/1983	13.41	11.64	9.27	1.77	1983	12
12/09/1983	13.38	11.82	9.49	1.56	1983	12
12/16/1983	13.42	11.93	9.52	1.49	1983	12
12/23/1983	13.46	11.82	9.62	1.64	1983	12
12/30/1983	13.43	11.79	8.96	1.64	1983	12
01/06/1984	13.43	11.79	10.06	1.64	1984	1
01/13/1984	13.40	11.71	9.53	1.69	1984	1
01/20/1984	13.35	11.59	9.54	1.76	1984	1
01/27/1984	13.29	11.63	9.53	1.66	1984	1
02/03/1984	13.26	11.63	9.41	1.63	1984	2
02/10/1984	13.23	11.74	9.58	1.49	1984	2
02/17/1984	13.19	11.85	9.53	1.34	1984	2
02/24/1984	13.25	11.97	9.60	1.28	1984	2
03/02/1984	13.23	12.05	9.62	1.18	1984	3
03/09/1984	13.30	12.18	9.74	1.12	1984	3
03/16/1984	13.37	12.29	9.79	1.08	1984	3
03/23/1984	13.48	12.46	10.04	1.02	1984	3
03/30/1984	13.55	12.46	9.97	1.09	1984	3
04/06/1984	13.63	12.61	10.41	1.02	1984	4
04/13/1984	13.58	12.49	10.13	1.09	1984	4
04/20/1984	13.67	12.66	10.37	1.01	1984	4
04/27/1984	13.73	12.74	9.98	0.99	1984	4
05/04/1984	13.78	12.89	10.70	0.89	1984	5
05/11/1984	13.87	13.23	10.46	0.64	1984	5
05/18/1984	14.04	13.49	10.52	0.55	1984	5
05/25/1984	14.08	13.59	9.75	0.49	1984	5
06/01/1984	14.29	13.86	10.30	0.43	1984	6
06/08/1984	14.33	13.47	10.72	0.86	1984	6
06/15/1984	14.47	13.43	10.85	1.04	1984	6
06/22/1984	14.49	13.55	11.49	0.94	1984	6
06/29/1984	14.50	13.79	11.27	0.71	1984	6
07/06/1984	14.66	13.80	10.91	0.86	1984	7
07/13/1984	14.68	13.46	11.25	1.22	1984	7
07/20/1984	14.66	13.32	11.21	1.34	1984	7
07/27/1984	14.67	13.11	11.19	1.56	1984	7
08/03/1984	14.68	12.82	11.53	1.86	1984	8
08/10/1984	14.54	12.67	11.59	1.87	1984	8
08/17/1984	14.39	12.71	11.63	1.68	1984	8
08/24/1984	14.36	12.66	11.77	1.70	1984	8
08/31/1984	14.38	12.82	11.50	1.56	1984	8
09/07/1984	14.42	12.83	11.68	1.59	1984	9
09/14/1984	14.43	12.51	11.52	1.92	1984	9
09/21/1984	14.29	12.35	11.46	1.94	1984	9
09/28/1984	14.26	12.46	10.73	1.80	1984	9
10/05/1984	14.18	12.51	11.20	1.67	1984	10
10/12/1984	14.19	12.33	10.01	1.86	1984	10
10/19/1984	14.10	12.19	10.22	1.91	1984	10
10/26/1984	14.05	11.85	9.45	2.20	1984	10
11/02/1984	13.85	11.76	9.73	2.09	1984	11
11/09/1984	13.74	11.71	9.87	2.03	1984	11
11/16/1984	13.63	11.75	9.55	1.88	1984	11
11/23/1984	13.55	11.44	9.47	2.11	1984	11
11/30/1984	13.42	11.39	9.00	2.03	1984	11
12/07/1984	13.20	11.58	8.83	1.62	1984	12
12/14/1984	13.20	11.61	8.70	1.59	1984	12
12/21/1984	13.18	11.37	7.99	1.81	1984	12
12/28/1984	13.14	11.42	7.95	1.72	1984	12
01/04/1985	13.10	11.64	8.75	1.46	1985	1
01/11/1985	13.12	11.50	8.27	1.62	1985	1
01/18/1985	13.12	11.49	8.23	1.63	1985	1
01/25/1985	12.96	11.16	8.19	1.80	1985	1
02/01/1985	12.93	11.15	8.45	1.78	1985	2
02/08/1985	12.91	11.37	8.59	1.54	1985	2
02/15/1985	12.90	11.37	8.44	1.53	1985	2
02/22/1985	12.94	11.57	8.57	1.37	1985	2
03/01/1985	13.02	11.83	8.40	1.19	1985	3
03/08/1985	13.10	11.87	8.63	1.23	1985	3
03/15/1985	13.20	11.85	8.52	1.35	1985	3
03/22/1985	13.24	11.92	8.75	1.32	1985	3
03/29/1985	13.29	11.77	8.38	1.52	1985	3
04/05/1985	13.27	11.71	8.68	1.56	1985	4
04/12/1985	13.23	11.57	8.45	1.66	1985	4
04/19/1985	13.16	11.24	8.46	1.92	1985	4
04/26/1985	13.12	11.27	7.69	1.85	1985	4
05/03/1985	13.07	11.33	8.35	1.74	1985	5
05/10/1985	13.02	11.17	8.19	1.85	1985	5
05/17/1985	12.94	10.89	8.14	2.05	1985	5
05/24/1985	12.83	10.60	7.91	2.23	1985	5
05/31/1985	12.71	10.39	7.60	2.32	1985	5
06/07/1985	12.39	10.00	7.75	2.39	1985	6
06/14/1985	12.27	10.12	7.62	2.15	1985	6
06/21/1985	12.05	10.08	7.13	1.97	1985	6
06/28/1985	12.15	10.43	7.46	1.72	1985	6
07/05/1985	12.13	10.14	8.06	1.99	1985	7
07/12/1985	12.03	10.12	8.07	1.91	1985	7
07/19/1985	11.94	10.23	7.77	1.71	1985	7
07/26/1985	12.03	10.51	7.88	1.52	1985	7
08/02/1985	12.17	10.61	7.64	1.56	1985	8
08/09/1985	12.23	10.53	7.92	1.70	1985	8
08/16/1985	12.24	10.37	7.88	1.87	1985	8
08/23/1985	12.18	10.16	8.06	2.02	1985	8
08/30/1985	12.11	10.17	7.78	1.94	1985	8
09/06/1985	12.15	10.29	7.88	1.86	1985	9
09/13/1985	12.24	10.48	7.80	1.76	1985	9
09/20/1985	12.21	10.40	7.85	1.81	1985	9
09/27/1985	12.17	10.30	7.96	1.87	1985	9
10/04/1985	12.17	10.32	8.12	1.85	1985	10
10/11/1985	12.17	10.37	7.84	1.80	1985	10
10/18/1985	12.13	10.23	8.03	1.90	1985	10
10/25/1985	12.07	10.16	8.14	1.91	1985	10
11/01/1985	12.01	10.07	7.89	1.94	1985	11
11/08/1985	11.90	9.92	8.30	1.98	1985	11
11/15/1985	11.79	9.82	7.95	1.97	1985	11
11/22/1985	11.64	9.68	8.13	1.96	1985	11
11/29/1985	11.58	9.65	7.71	1.93	1985	11
12/06/1985	11.50	9.65	8.49	1.85	1985	12
12/13/1985	11.31	9.31	8.03	2.00	1985	12
12/20/1985	11.14	9.09	8.05	2.05	1985	12
12/27/1985	11.09	9.05	8.02	2.04	1985	12
01/03/1986	10.81	9.03	9.55	1.78	1986	1
01/10/1986	10.77	9.16	8.20	1.61	1986	1
01/17/1986	10.99	9.35	7.94	1.64	1986	1
01/24/1986	10.97	9.24	7.87	1.73	1986	1
01/31/1986	10.89	9.09	7.83	1.80	1986	1
02/07/1986	10.85	9.02	7.97	1.83	1986	2
02/14/1986	10.80	8.87	7.85	1.93	1986	2
02/21/1986	10.68	8.62	7.84	2.06	1986	2
02/28/1986	10.51	8.29	7.82	2.22	1986	2
03/07/1986	10.20	8.01	7.89	2.19	1986	3
03/14/1986	10.01	7.72	7.52	2.29	1986	3
03/21/1986	10.01	7.80	7.47	2.21	1986	3
03/28/1986	10.10	7.63	7.25	2.47	1986	3
04/04/1986	9.99	7.39	7.39	2.60	1986	4
04/11/1986	9.98	7.31	7.05	2.67	1986	4
04/18/1986	9.92	7.10	6.97	2.82	1986	4
04/25/1986	9.86	7.35	6.92	2.51	1986	4
05/02/1986	9.90	7.44	6.88	2.46	1986	5
05/09/1986	10.00	7.44	6.87	2.56	1986	5
05/16/1986	10.08	7.75	6.82	2.33	1986	5
05/23/1986	10.36	7.90	6.87	2.46	1986	5
05/30/1986	10.38	7.88	6.85	2.50	1986	5
06/06/1986	10.74	8.23	6.95	2.51	1986	6
06/13/1986	10.76	7.98	6.89	2.78	1986	6
06/20/1986	10.61	7.62	6.87	2.99	1986	6
06/27/1986	10.62	7.45	6.86	3.17	1986	6
07/04/1986	10.61	7.35	7.02	3.26	1986	7
07/11/1986	10.59	7.33	6.87	3.26	1986	7
07/18/1986	10.43	7.19	6.51	3.24	1986	7
07/25/1986	10.40	7.26	6.42	3.14	1986	7
08/01/1986	10.40	7.41	6.32	2.99	1986	8
08/08/1986	10.40	7.39	6.36	3.01	1986	8
08/15/1986	10.23	7.19	6.31	3.04	1986	8
08/22/1986	10.04	7.04	6.38	3.00	1986	8
08/29/1986	9.93	7.02	5.87	2.91	1986	8
09/05/1986	9.90	7.18	5.83	2.72	1986	9
09/12/1986	9.96	7.46	5.82	2.50	1986	9
09/19/1986	10.07	7.56	5.88	2.51	1986	9
09/26/1986	10.10	7.52	5.81	2.58	1986	9
10/03/1986	10.08	7.43	6.08	2.65	1986	10
10/10/1986	9.99	7.31	5.75	2.68	1986	10
10/17/1986	9.96	7.53	5.83	2.43	1986	10
10/24/1986	9.95	7.52	5.91	2.43	1986	10
10/31/1986	9.89	7.39	5.86	2.50	1986	10
11/07/1986	9.83	7.31	6.02	2.52	1986	11
11/14/1986	9.81	7.34	5.98	2.47	1986	11
11/21/1986	9.64	7.21	6.13	2.43	1986	11
11/28/1986	9.50	7.14	6.00	2.36	1986	11
12/05/1986	9.30	7.09	6.25	2.21	1986	12
12/12/1986	9.35	7.09	5.97	2.26	1986	12
12/19/1986	9.30	7.12	6.30	2.18	1986	12
12/26/1986	9.29	7.08	6.31	2.21	1986	12
01/02/1987	9.37	7.20	9.20	2.17	1987	1
01/09/1987	9.32	7.05	7.62	2.27	1987	1
01/16/1987	9.21	7.07	6.01	2.14	1987	1
01/23/1987	9.04	7.03	6.01	2.01	1987	1
01/30/1987	9.08	7.15	6.13	1.93	1987	1
02/06/1987	9.06	7.22	6.22	1.84	1987	2
02/13/1987	9.09	7.31	6.14	1.78	1987	2
02/20/1987	9.11	7.28	6.21	1.83	1987	2
02/27/1987	9.07	7.20	5.95	1.87	1987	2
03/06/1987	9.03	7.18	6.06	1.85	1987	3
03/13/1987	9.05	7.22	6.12	1.83	1987	3
03/20/1987	9.03	7.21	6.08	1.82	1987	3
03/27/1987	9.03	7.27	6.14	1.76	1987	3
04/03/1987	9.26	7.56	6.21	1.70	1987	4
04/10/1987	9.43	7.71	6.13	1.72	1987	4
04/17/1987	10.27	8.12	6.41	2.15	1987	4
04/24/1987	10.37	8.30	6.26	2.07	1987	4
05/01/1987	10.47	8.32	6.50	2.15	1987	5
05/08/1987	10.52	8.49	7.30	2.03	1987	5
05/15/1987	10.48	8.61	6.75	1.87	1987	5
05/22/1987	10.81	8.84	6.77	1.97	1987	5
05/29/1987	10.70	8.55	6.80	2.15	1987	5
06/05/1987	10.70	8.58	6.65	2.12	1987	6
06/12/1987	10.66	8.50	6.70	2.16	1987	6
06/19/1987	10.44	8.27	6.75	2.17	1987	6
06/26/1987	10.35	8.28	6.79	2.07	1987	6
07/03/1987	10.36	8.35	6.61	2.01	1987	7
07/10/1987	10.30	8.32	6.64	1.98	1987	7
07/17/1987	10.23	8.38	6.52	1.85	1987	7
07/24/1987	10.23	8.52	6.57	1.71	1987	7
07/31/1987	10.27	8.62	6.63	1.65	1987	7
08/07/1987	10.35	8.75	6.75	1.60	1987	8
08/14/1987	10.34	8.68	6.58	1.66	1987	8
08/21/1987	10.30	8.71	6.74	1.59	1987	8
08/28/1987	10.33	8.85	6.76	1.48	1987	8
09/04/1987	10.63	9.18	6.85	1.45	1987	9
09/11/1987	10.91	9.43	6.95	1.48	1987	9
09/18/1987	10.99	9.43	7.21	1.56	1987	9
09/25/1987	11.02	9.45	7.26	1.57	1987	9
10/02/1987	11.18	9.61	7.56	1.57	1987	10
10/09/1987	11.21	9.78	7.43	1.43	1987	10
10/16/1987	11.58	10.11	7.59	1.47	1987	10
10/23/1987	11.36	9.36	7.37	2.00	1987	10
10/30/1987	10.97	8.90	7.03	2.07	1987	10
11/06/1987	10.79	8.84	6.43	1.95	1987	11
11/13/1987	10.66	8.80	6.68	1.86	1987	11
11/20/1987	10.60	8.83	6.77	1.77	1987	11
11/27/1987	10.55	8.95	6.78	1.60	1987	11
12/04/1987	10.60	8.98	6.89	1.62	1987	12
12/11/1987	10.66	9.14	6.84	1.52	1987	12
12/18/1987	10.69	9.05	6.58	1.64	1987	12
12/25/1987	10.64	8.87	6.75	1.77	1987	12
12/31/1987	10.61	8.85	6.81	1.76	1987	12
01/08/1988	10.50	8.84	7.02	1.66	1988	1
01/15/1988	10.53	8.84	6.81	1.69	1988	1
01/22/1988	10.34	8.57	6.89	1.77	1988	1
01/29/1988	10.16	8.39	6.66	1.77	1988	1
02/05/1988	9.94	8.20	6.77	1.74	1988	2
02/12/1988	9.84	8.18	6.38	1.66	1988	2
02/19/1988	9.92	8.29	6.65	1.63	1988	2
02/26/1988	9.87	8.20	6.64	1.67	1988	2
03/04/1988	9.85	8.17	6.60	1.68	1988	3
03/11/1988	9.96	8.32	6.51	1.64	1988	3
03/18/1988	9.92	8.33	6.61	1.59	1988	3
03/25/1988	9.99	8.48	6.51	1.51	1988	3
04/01/1988	10.05	8.57	6.62	1.48	1988	4
04/08/1988	10.19	8.62	6.82	1.57	1988	4
04/15/1988	10.19	8.63	6.81	1.56	1988	4
04/22/1988	10.30	8.81	6.93	1.49	1988	4
04/29/1988	10.28	8.82	6.85	1.46	1988	4
05/06/1988	10.32	8.93	6.82	1.39	1988	5
05/13/1988	10.40	9.04	7.02	1.36	1988	5
05/20/1988	10.52	9.14	7.04	1.38	1988	5
05/27/1988	10.58	9.22	7.14	1.36	1988	5
06/03/1988	10.58	9.07	7.41	1.51	1988	6
06/10/1988	10.51	8.96	7.37	1.55	1988	6
06/17/1988	10.35	8.84	7.43	1.51	1988	6
06/24/1988	10.40	8.94	7.54	1.46	1988	6
07/01/1988	10.39	8.86	7.63	1.53	1988	7
07/08/1988	10.38	8.93	7.81	1.45	1988	7
07/15/1988	10.44	9.08	7.59	1.36	1988	7
07/22/1988	10.46	9.13	7.83	1.33	1988	7
07/29/1988	10.49	9.12	7.80	1.37	1988	7
08/05/1988	10.44	9.04	7.84	1.40	1988	8
08/12/1988	10.57	9.27	7.75	1.30	1988	8
08/19/1988	10.71	9.36	8.19	1.35	1988	8
08/26/1988	10.67	9.36	8.02	1.31	1988	8
09/02/1988	10.65	9.21	8.15	1.44	1988	9
09/09/1988	10.53	8.98	8.15	1.55	1988	9
09/16/1988	10.40	8.93	8.13	1.47	1988	9
09/23/1988	10.40	8.96	8.17	1.44	1988	9
09/30/1988	10.42	8.99	8.24	1.43	1988	9
10/07/1988	10.38	8.83	8.38	1.55	1988	10
10/14/1988	10.33	8.81	8.27	1.52	1988	10
10/21/1988	10.28	8.80	8.27	1.48	1988	10
10/28/1988	10.22	8.77	8.29	1.45	1988	10
11/04/1988	10.12	8.72	8.36	1.40	1988	11
11/11/1988	10.24	8.91	8.31	1.33	1988	11
11/18/1988	10.31	8.99	8.26	1.32	1988	11
11/25/1988	10.39	9.10	8.33	1.29	1988	11
12/02/1988	10.44	9.11	8.44	1.33	1988	12
12/09/1988	10.46	9.03	8.59	1.43	1988	12
12/16/1988	10.71	9.16	8.51	1.55	1988	12
12/23/1988	10.68	9.08	8.87	1.60	1988	12
12/30/1988	10.77	9.17	8.86	1.60	1988	12
01/06/1989	10.80	9.24	9.22	1.56	1989	1
01/13/1989	10.81	9.18	9.08	1.63	1989	1
01/20/1989	10.71	9.02	9.13	1.69	1989	1
01/27/1989	10.60	8.97	9.06	1.63	1989	1
02/03/1989	10.55	9.00	9.16	1.55	1989	2
02/10/1989	10.56	9.05	9.10	1.51	1989	2
02/17/1989	10.69	9.21	9.27	1.48	1989	2
02/24/1989	10.78	9.31	9.39	1.47	1989	2
03/03/1989	10.91	9.33	9.80	1.58	1989	3
03/10/1989	10.86	9.27	9.83	1.59	1989	3
03/17/1989	10.98	9.35	9.83	1.63	1989	3
03/24/1989	11.22	9.49	9.86	1.73	1989	3
03/31/1989	11.19	9.37	9.88	1.82	1989	3
04/07/1989	11.07	9.20	9.71	1.87	1989	4
04/14/1989	11.11	9.27	9.82	1.84	1989	4
04/21/1989	10.99	9.14	9.95	1.85	1989	4
04/28/1989	11.03	9.09	9.86	1.94	1989	4
05/05/1989	10.97	9.07	9.88	1.90	1989	5
05/12/1989	10.93	9.05	9.86	1.88	1989	5
05/19/1989	10.69	8.79	9.75	1.90	1989	5
05/26/1989	10.50	8.63	9.74	1.87	1989	5
06/02/1989	10.48	8.57	9.84	1.91	1989	6
06/09/1989	10.20	8.28	9.68	1.92	1989	6
06/16/1989	10.04	8.26	9.35	1.78	1989	6
06/23/1989	10.19	8.34	9.48	1.85	1989	6
06/30/1989	10.07	8.14	9.58	1.93	1989	6
07/07/1989	10.03	8.08	9.58	1.95	1989	7
07/14/1989	9.82	8.01	9.31	1.81	1989	7
07/21/1989	9.87	8.07	9.24	1.80	1989	7
07/28/1989	9.81	7.97	9.14	1.84	1989	7
08/04/1989	9.68	7.82	8.95	1.86	1989	8
08/11/1989	9.96	8.04	8.98	1.92	1989	8
08/18/1989	10.09	8.18	9.04	1.91	1989	8
08/25/1989	10.21	8.23	9.01	1.98	1989	8
09/01/1989	10.22	8.25	8.96	1.97	1989	9
09/08/1989	10.17	8.17	8.96	2.00	1989	9
09/15/1989	10.05	8.13	8.96	1.92	1989	9
09/22/1989	10.03	8.15	9.05	1.88	1989	9
09/29/1989	10.16	8.31	9.02	1.85	1989	9
10/06/1989	10.10	8.18	9.18	1.92	1989	10
10/13/1989	9.95	8.00	8.93	1.95	1989	10
10/20/1989	9.92	7.99	8.76	1.93	1989	10
10/27/1989	9.82	7.89	8.72	1.93	1989	10
11/03/1989	9.82	7.92	8.80	1.90	1989	11
11/10/1989	9.79	7.92	8.69	1.87	1989	11
11/17/1989	9.72	7.86	8.46	1.86	1989	11
11/24/1989	9.74	7.83	8.46	1.91	1989	11
12/01/1989	9.74	7.85	8.51	1.89	1989	12
12/08/1989	9.76	7.84	8.52	1.92	1989	12
12/15/1989	9.75	7.82	8.47	1.93	1989	12
12/22/1989	9.69	7.78	8.52	1.91	1989	12
12/29/1989	9.78	7.93	8.38	1.85	1989	12
01/05/1990	9.83	7.98	8.32	1.85	1990	1
01/12/1990	9.80	8.04	8.22	1.76	1990	1
01/19/1990	9.90	8.24	8.20	1.66	1990	1
01/26/1990	10.05	8.36	8.23	1.69	1990	1
02/02/1990	10.17	8.47	8.24	1.70	1990	2
02/09/1990	10.21	8.48	8.22	1.73	1990	2
02/16/1990	10.10	8.39	8.21	1.71	1990	2
02/23/1990	10.31	8.58	8.25	1.73	1990	2
03/02/1990	10.23	8.50	8.27	1.73	1990	3
03/09/1990	10.29	8.61	8.28	1.68	1990	3
03/16/1990	10.34	8.65	8.27	1.69	1990	3
03/23/1990	10.26	8.55	8.27	1.71	1990	3
03/30/1990	10.22	8.56	8.26	1.66	1990	3
04/06/1990	10.26	8.59	8.33	1.67	1990	4
04/13/1990	10.25	8.62	8.25	1.63	1990	4
04/20/1990	10.41	8.83	8.27	1.58	1990	4
04/27/1990	10.56	9.02	8.24	1.54	1990	4
05/04/1990	10.67	9.02	8.12	1.65	1990	5
05/11/1990	10.54	8.81	8.20	1.73	1990	5
05/18/1990	10.37	8.68	8.16	1.69	1990	5
05/25/1990	10.33	8.66	8.22	1.67	1990	5
06/01/1990	10.29	8.58	8.19	1.71	1990	6
06/08/1990	10.10	8.46	8.26	1.64	1990	6
06/15/1990	10.12	8.44	8.30	1.68	1990	6
06/22/1990	10.16	8.52	8.28	1.64	1990	6
06/29/1990	10.15	8.51	8.28	1.64	1990	6
07/06/1990	10.06	8.44	8.33	1.62	1990	7
07/13/1990	10.11	8.53	8.28	1.58	1990	7
07/20/1990	9.99	8.47	8.14	1.52	1990	7
07/27/1990	9.98	8.48	8.05	1.50	1990	7
08/03/1990	9.84	8.37	8.03	1.47	1990	8
08/10/1990	10.08	8.72	8.07	1.36	1990	8
08/17/1990	10.05	8.71	8.13	1.34	1990	8
08/24/1990	10.29	8.92	8.30	1.37	1990	8
08/31/1990	10.24	8.88	8.08	1.36	1990	8
09/07/1990	10.19	8.85	8.25	1.34	1990	9
09/14/1990	10.13	8.84	8.12	1.29	1990	9
09/21/1990	10.16	8.92	8.18	1.24	1990	9
09/28/1990	10.22	8.96	8.26	1.26	1990	9
10/05/1990	10.08	8.69	8.23	1.39	1990	10
10/12/1990	10.22	8.87	8.20	1.35	1990	10
10/19/1990	10.24	8.74	7.96	1.50	1990	10
10/26/1990	10.17	8.64	7.99	1.53	1990	10
11/02/1990	10.13	8.64	8.17	1.49	1990	11
11/09/1990	10.09	8.53	7.97	1.56	1990	11
11/16/1990	10.02	8.35	7.94	1.67	1990	11
11/23/1990	9.93	8.30	7.80	1.63	1990	11
11/30/1990	9.90	8.29	7.56	1.61	1990	11
12/07/1990	9.81	8.16	7.60	1.65	1990	12
12/14/1990	9.56	7.97	7.25	1.59	1990	12
12/21/1990	9.64	8.03	7.29	1.61	1990	12
12/28/1990	9.68	8.15	7.16	1.53	1990	12
01/04/1991	9.56	8.00	7.17	1.56	1991	1
01/11/1991	9.63	8.18	6.40	1.45	1991	1
01/18/1991	9.75	8.15	6.77	1.60	1991	1
01/25/1991	9.61	8.04	6.88	1.57	1991	1
02/01/1991	9.56	8.02	7.46	1.54	1991	2
02/08/1991	9.36	7.82	6.32	1.54	1991	2
02/15/1991	9.25	7.78	6.29	1.47	1991	2
02/22/1991	9.29	7.86	6.26	1.43	1991	2
03/01/1991	9.40	8.00	6.31	1.40	1991	3
03/08/1991	9.49	8.10	6.47	1.39	1991	3
03/15/1991	9.50	8.06	6.17	1.44	1991	3
03/22/1991	9.59	8.18	6.10	1.41	1991	3
03/29/1991	9.52	8.10	6.10	1.42	1991	3
04/05/1991	9.49	8.03	6.00	1.46	1991	4
04/12/1991	9.48	8.04	5.90	1.44	1991	4
04/19/1991	9.47	8.00	5.69	1.47	1991	4
04/26/1991	9.53	8.09	5.92	1.44	1991	4
05/03/1991	9.47	8.02	5.92	1.45	1991	5
05/10/1991	9.47	8.06	5.79	1.41	1991	5
05/17/1991	9.50	8.11	5.78	1.39	1991	5
05/24/1991	9.47	8.08	5.79	1.39	1991	5
05/31/1991	9.45	8.06	5.72	1.39	1991	5
06/07/1991	9.48	8.20	5.91	1.28	1991	6
06/14/1991	9.66	8.31	5.75	1.35	1991	6
06/21/1991	9.65	8.31	5.78	1.34	1991	6
06/28/1991	9.67	8.31	5.79	1.36	1991	6
07/05/1991	9.62	8.28	6.34	1.34	1991	7
07/12/1991	9.64	8.32	5.79	1.32	1991	7
07/19/1991	9.54	8.28	5.85	1.26	1991	7
07/26/1991	9.50	8.25	5.75	1.25	1991	7
08/02/1991	9.44	8.17	5.79	1.27	1991	8
08/09/1991	9.27	7.98	5.83	1.29	1991	8
08/16/1991	9.19	7.87	5.62	1.32	1991	8
08/23/1991	9.17	7.82	5.68	1.35	1991	8
08/30/1991	9.15	7.84	5.58	1.31	1991	8
09/06/1991	9.14	7.80	5.60	1.34	1991	9
09/13/1991	9.02	7.71	5.56	1.31	1991	9
09/20/1991	8.95	7.61	5.44	1.34	1991	9
09/27/1991	8.92	7.55	5.29	1.37	1991	9
10/04/1991	8.87	7.45	5.33	1.42	1991	10
10/11/1991	8.82	7.48	5.19	1.34	1991	10
10/18/1991	8.82	7.50	5.28	1.32	1991	10
10/25/1991	8.91	7.66	5.24	1.25	1991	10
11/01/1991	8.78	7.52	5.10	1.26	1991	11
11/08/1991	8.76	7.48	5.05	1.28	1991	11
11/15/1991	8.69	7.37	4.74	1.32	1991	11
11/22/1991	8.63	7.38	4.89	1.25	1991	11
11/29/1991	8.70	7.42	4.68	1.28	1991	11
12/06/1991	8.62	7.25	4.79	1.37	1991	12
12/13/1991	8.53	7.21	4.54	1.32	1991	12
12/20/1991	8.49	7.13	4.49	1.36	1991	12
12/27/1991	8.35	6.86	4.22	1.49	1991	12
01/03/1992	8.24	6.78	4.19	1.46	1992	1
01/10/1992	8.23	6.80	4.19	1.43	1992	1
01/17/1992	8.45	7.04	4.01	1.41	1992	1
01/24/1992	8.56	7.14	3.87	1.42	1992	1
01/31/1992	8.68	7.25	4.01	1.43	1992	1
02/07/1992	8.67	7.25	4.17	1.42	1992	2
02/14/1992	8.73	7.31	3.93	1.42	1992	2
02/21/1992	8.82	7.44	4.20	1.38	1992	2
02/28/1992	8.83	7.37	3.96	1.46	1992	2
03/06/1992	8.85	7.45	4.08	1.40	1992	3
03/13/1992	8.88	7.54	3.95	1.34	1992	3
03/20/1992	9.03	7.63	4.04	1.40	1992	3
03/27/1992	8.98	7.56	3.94	1.42	1992	3
04/03/1992	8.96	7.49	4.09	1.47	1992	4
04/10/1992	8.84	7.40	3.98	1.44	1992	4
04/17/1992	8.76	7.38	3.65	1.38	1992	4
04/24/1992	8.85	7.58	3.47	1.27	1992	4
05/01/1992	8.84	7.59	3.65	1.25	1992	5
05/08/1992	8.75	7.50	3.77	1.25	1992	5
05/15/1992	8.64	7.34	3.84	1.30	1992	5
05/22/1992	8.53	7.29	3.89	1.24	1992	5
05/29/1992	8.60	7.40	3.80	1.20	1992	5
06/05/1992	8.59	7.35	3.85	1.24	1992	6
06/12/1992	8.54	7.32	3.69	1.22	1992	6
06/19/1992	8.48	7.24	3.73	1.24	1992	6
06/26/1992	8.43	7.20	3.72	1.23	1992	6
07/03/1992	8.29	7.07	3.87	1.22	1992	7
07/10/1992	8.13	6.90	3.24	1.23	1992	7
07/17/1992	8.09	6.92	3.28	1.17	1992	7
07/24/1992	8.08	6.82	3.22	1.26	1992	7
07/31/1992	8.05	6.67	3.18	1.38	1992	7
08/07/1992	8.06	6.65	3.33	1.41	1992	8
08/14/1992	7.96	6.52	3.24	1.44	1992	8
08/21/1992	7.87	6.50	3.33	1.37	1992	8
08/28/1992	8.01	6.67	3.27	1.34	1992	8
09/04/1992	7.94	6.53	3.33	1.41	1992	9
09/11/1992	7.84	6.32	3.09	1.52	1992	9
09/18/1992	7.89	6.39	3.28	1.50	1992	9
09/24/1992	8.02	6.47	3.07	1.55	1992	9
10/02/1992	7.93	6.32	3.41	1.61	1992	10
10/09/1992	8.01	6.39	3.20	1.62	1992	10
10/16/1992	8.06	6.54	3.20	1.52	1992	10
10/23/1992	8.23	6.78	3.05	1.45	1992	10
10/30/1992	8.21	6.78	2.96	1.43	1992	10
11/06/1992	8.29	6.90	3.07	1.39	1992	11
11/13/1992	8.32	6.88	2.91	1.44	1992	11
11/20/1992	8.32	6.84	2.97	1.48	1992	11
11/27/1992	8.29	6.86	3.10	1.43	1992	11
12/04/1992	8.34	6.91	3.37	1.43	1992	12
12/11/1992	8.23	6.77	2.94	1.46	1992	12
12/18/1992	8.19	6.79	2.93	1.40	1992	12
12/25/1992	8.13	6.68	2.94	1.45	1992	12
12/31/1992	8.14	6.70	2.86	1.44	1992	12
01/08/1993	8.07	6.67	3.03	1.40	1993	1
01/15/1993	8.04	6.68	2.98	1.36	1993	1
01/22/1993	8.00	6.59	3.10	1.41	1993	1
01/29/1993	7.86	6.46	2.94	1.40	1993	1
02/05/1993	7.80	6.40	3.15	1.40	1993	2
02/12/1993	7.75	6.38	2.92	1.37	1993	2
02/19/1993	7.65	6.24	3.06	1.41	1993	2
02/26/1993	7.53	6.02	2.91	1.51	1993	2
03/05/1993	7.44	5.90	3.24	1.54	1993	3
03/12/1993	7.47	5.96	3.02	1.51	1993	3
03/19/1993	7.57	6.03	3.04	1.54	1993	3
03/26/1993	7.50	5.98	2.93	1.52	1993	3
04/02/1993	7.53	6.07	3.18	1.46	1993	4
04/09/1993	7.57	6.06	3.11	1.51	1993	4
04/16/1993	7.45	5.90	2.93	1.55	1993	4
04/23/1993	7.38	5.87	2.91	1.51	1993	4
04/30/1993	7.43	6.01	2.87	1.42	1993	4
05/07/1993	7.42	5.92	2.98	1.50	1993	5
05/14/1993	7.42	5.96	2.90	1.46	1993	5
05/21/1993	7.52	6.12	3.01	1.40	1993	5
05/28/1993	7.50	6.14	3.07	1.36	1993	5
06/04/1993	7.47	6.07	3.09	1.40	1993	6
06/11/1993	7.48	6.06	2.96	1.42	1993	6
06/18/1993	7.38	5.96	3.01	1.42	1993	6
06/25/1993	7.34	5.89	3.00	1.45	1993	6
07/02/1993	7.23	5.79	3.13	1.44	1993	7
07/09/1993	7.19	5.79	3.10	1.40	1993	7
07/16/1993	7.16	5.74	3.01	1.42	1993	7
07/23/1993	7.20	5.83	3.09	1.37	1993	7
07/30/1993	7.25	5.88	3.03	1.37	1993	7
08/06/1993	7.21	5.85	3.10	1.36	1993	8
08/13/1993	7.17	5.78	2.98	1.39	1993	8
08/20/1993	7.10	5.66	3.06	1.44	1993	8
08/27/1993	6.97	5.51	2.98	1.46	1993	8
09/03/1993	6.93	5.41	3.08	1.52	1993	9
09/10/1993	6.82	5.28	2.99	1.54	1993	9
09/17/1993	6.96	5.35	3.03	1.61	1993	9
09/24/1993	6.95	5.44	3.12	1.51	1993	9
10/01/1993	6.89	5.33	3.05	1.56	1993	10
10/08/1993	6.87	5.33	3.24	1.54	1993	10
10/15/1993	6.81	5.24	2.91	1.57	1993	10
10/22/1993	6.74	5.31	2.97	1.43	1993	10
10/29/1993	6.86	5.44	2.97	1.42	1993	10
11/05/1993	7.11	5.66	3.04	1.45	1993	11
11/12/1993	7.12	5.68	2.96	1.44	1993	11
11/19/1993	7.08	5.71	3.03	1.37	1993	11
11/26/1993	7.31	5.83	2.98	1.48	1993	11
12/04/1993	7.25	5.80	3.09	1.45	1993	12
12/10/1993	7.14	5.71	2.92	1.43	1993	12
12/17/1993	7.17	5.82	2.94	1.35	1993	12
12/24/1993	7.17	5.79	2.99	1.38	1993	12
12/31/1993	7.13	5.77	2.99	1.36	1993	12
01/07/1994	7.23	5.85	3.00	1.38	1994	1
01/14/1994	6.99	5.69	2.98	1.30	1994	1
01/21/1994	7.05	5.74	3.13	1.31	1994	1
01/28/1994	6.97	5.74	2.97	1.23	1994	1
02/04/1994	6.97	5.80	3.17	1.17	1994	2
02/11/1994	7.21	5.94	3.20	1.27	1994	2
02/18/1994	7.11	5.95	3.25	1.16	1994	2
02/25/1994	7.32	6.15	3.25	1.17	1994	2
03/04/1994	7.51	6.29	3.28	1.22	1994	3
03/11/1994	7.63	6.40	3.25	1.23	1994	3
03/18/1994	7.76	6.45	3.19	1.31	1994	3
03/25/1994	7.80	6.52	3.31	1.28	1994	3
04/01/1994	8.04	6.72	3.49	1.32	1994	4
04/08/1994	8.47	6.97	3.69	1.50	1994	4
04/15/1994	8.26	6.93	3.37	1.33	1994	4
04/22/1994	8.49	7.03	3.59	1.46	1994	4
04/29/1994	8.32	6.96	3.59	1.36	1994	4
05/06/1994	8.53	7.16	3.76	1.37	1994	5
05/13/1994	8.77	7.37	3.70	1.40	1994	5
05/20/1994	8.56	7.06	4.02	1.50	1994	5
05/27/1994	8.53	7.14	4.22	1.39	1994	5
06/03/1994	8.55	7.09	4.27	1.46	1994	6
06/10/1994	8.25	6.97	4.13	1.28	1994	6
06/17/1994	8.33	7.08	4.21	1.25	1994	6
06/24/1994	8.46	7.17	4.19	1.29	1994	6
07/01/1994	8.57	7.27	4.19	1.30	1994	7
07/08/1994	8.68	7.34	4.38	1.34	1994	7
07/15/1994	8.72	7.36	4.30	1.36	1994	7
07/22/1994	8.53	7.23	4.30	1.30	1994	7
07/29/1994	8.57	7.26	4.28	1.31	1994	7
08/05/1994	8.38	7.15	4.28	1.23	1994	8
08/12/1994	8.57	7.31	4.26	1.26	1994	8
08/19/1994	8.54	7.24	4.35	1.30	1994	8
08/26/1994	8.56	7.27	4.66	1.29	1994	8
09/02/1994	8.48	7.21	4.72	1.27	1994	9
09/09/1994	8.51	7.33	4.74	1.18	1994	9
09/16/1994	8.66	7.44	4.70	1.22	1994	9
09/23/1994	8.73	7.54	4.73	1.19	1994	9
09/30/1994	8.82	7.60	4.66	1.22	1994	9
10/07/1994	8.89	7.72	5.07	1.17	1994	10
10/14/1994	8.93	7.65	4.62	1.28	1994	10
10/21/1994	8.85	7.71	4.72	1.14	1994	10
10/28/1994	9.03	7.86	4.72	1.17	1994	10
11/04/1994	9.05	7.94	4.77	1.11	1994	11
11/11/1994	9.19	8.00	4.74	1.19	1994	11
11/18/1994	9.19	7.97	5.22	1.22	1994	11
11/25/1994	9.25	7.91	5.53	1.34	1994	11
12/02/1994	9.23	7.89	5.85	1.34	1994	12
12/09/1994	9.15	7.79	5.47	1.36	1994	12
12/16/1994	9.25	7.82	5.48	1.43	1994	12
12/23/1994	9.18	7.82	5.56	1.36	1994	12
12/30/1994	9.18	7.81	5.45	1.37	1994	12
01/06/1995	9.22	7.86	5.40	1.36	1995	1
01/13/1995	9.19	7.80	5.53	1.39	1995	1
01/20/1995	9.05	7.74	5.45	1.31	1995	1
01/27/1995	9.13	7.78	5.42	1.35	1995	1
02/03/1995	8.94	7.62	5.63	1.32	1995	2
02/10/1995	8.80	7.56	5.95	1.24	1995	2
02/17/1995	8.84	7.48	5.93	1.36	1995	2
02/24/1995	8.73	7.36	5.94	1.37	1995	2
03/03/1995	8.53	7.27	5.88	1.26	1995	3
03/10/1995	8.62	7.35	5.93	1.27	1995	3
03/17/1995	8.38	7.11	5.94	1.27	1995	3
03/24/1995	8.40	7.16	5.97	1.24	1995	3
03/31/1995	8.38	7.15	6.06	1.23	1995	3
04/07/1995	8.41	7.12	6.20	1.29	1995	4
04/14/1995	8.37	7.08	5.98	1.29	1995	4
04/21/1995	8.24	7.03	6.07	1.21	1995	4
04/28/1995	8.26	7.03	5.99	1.23	1995	4
05/05/1995	8.27	6.93	6.05	1.34	1995	5
05/12/1995	7.87	6.66	6.00	1.21	1995	5
05/19/1995	7.83	6.59	6.02	1.24	1995	5
05/26/1995	7.85	6.49	5.99	1.36	1995	5
06/02/1995	7.71	6.23	6.02	1.48	1995	6
06/09/1995	7.51	6.20	6.03	1.31	1995	6
06/16/1995	7.55	6.21	6.02	1.34	1995	6
06/23/1995	7.53	6.10	6.00	1.43	1995	6
06/30/1995	7.53	6.17	5.95	1.36	1995	6
07/07/1995	7.63	6.12	6.21	1.51	1995	7
07/14/1995	7.41	6.09	5.81	1.32	1995	7
07/21/1995	7.60	6.37	5.72	1.23	1995	7
07/28/1995	7.79	6.46	5.75	1.33	1995	7
08/04/1995	7.82	6.48	5.83	1.34	1995	8
08/11/1995	7.80	6.50	5.73	1.30	1995	8
08/18/1995	7.94	6.57	5.74	1.37	1995	8
08/25/1995	7.88	6.52	5.70	1.36	1995	8
09/01/1995	7.76	6.31	5.71	1.45	1995	9
09/08/1995	7.63	6.20	5.77	1.43	1995	9
09/15/1995	7.60	6.15	5.73	1.45	1995	9
09/22/1995	7.57	6.17	5.78	1.40	1995	9
09/29/1995	7.62	6.26	5.80	1.36	1995	9
10/06/1995	7.57	6.10	6.00	1.47	1995	10
10/13/1995	7.50	6.05	5.72	1.45	1995	10
10/20/1995	7.38	5.99	5.71	1.39	1995	10
10/27/1995	7.45	6.04	5.76	1.41	1995	10
11/03/1995	7.44	5.98	5.76	1.46	1995	11
11/09/1995	7.37	5.97	5.71	1.40	1995	11
11/17/1995	7.35	5.96	5.74	1.39	1995	11
11/24/1995	7.35	5.92	5.81	1.43	1995	11
12/01/1995	7.33	5.82	5.91	1.51	1995	12
12/08/1995	7.18	5.68	5.75	1.50	1995	12
12/15/1995	7.15	5.73	5.73	1.42	1995	12
12/22/1995	7.23	5.78	5.90	1.45	1995	12
12/29/1995	7.11	5.64	5.48	1.47	1995	12
01/05/1996	7.02	5.63	5.35	1.39	1996	1
01/12/1996	7.08	5.74	5.53	1.34	1996	1
01/19/1996	7.02	5.58	5.61	1.44	1996	1
01/26/1996	7.00	5.65	5.44	1.35	1996	1
02/02/1996	7.02	5.64	5.53	1.38	1996	2
02/09/1996	7.02	5.67	5.21	1.35	1996	2
02/16/1996	6.94	5.65	5.09	1.29	1996	2
02/23/1996	7.32	5.97	5.17	1.35	1996	2
03/01/1996	7.41	6.06	5.31	1.35	1996	3
03/08/1996	7.38	6.08	5.57	1.30	1996	3
03/15/1996	7.83	6.37	5.24	1.46	1996	3
03/22/1996	7.81	6.36	5.36	1.45	1996	3
03/29/1996	7.69	6.32	5.22	1.37	1996	3
04/05/1996	7.78	6.35	5.30	1.43	1996	4
04/12/1996	8.05	6.60	5.08	1.45	1996	4
04/19/1996	7.95	6.52	5.24	1.43	1996	4
04/26/1996	7.92	6.53	5.24	1.39	1996	4
05/03/1996	7.99	6.74	5.30	1.25	1996	5
05/10/1996	8.24	6.82	5.22	1.42	1996	5
05/17/1996	8.08	6.68	5.26	1.40	1996	5
05/24/1996	8.01	6.65	5.22	1.36	1996	5
05/31/1996	8.03	6.77	5.19	1.26	1996	5
06/07/1996	8.30	6.85	5.33	1.45	1996	6
06/14/1996	8.39	6.99	5.24	1.40	1996	6
06/21/1996	8.30	6.95	5.45	1.35	1996	6
06/28/1996	8.29	6.86	5.21	1.43	1996	6
07/05/1996	8.14	6.85	5.53	1.29	1996	7
07/12/1996	8.42	6.95	5.26	1.47	1996	7
07/19/1996	8.23	6.81	5.23	1.42	1996	7
07/26/1996	8.19	6.85	5.25	1.34	1996	7
08/02/1996	8.23	6.76	5.53	1.47	1996	8
08/09/1996	7.88	6.54	5.38	1.34	1996	8
08/16/1996	7.88	6.56	5.10	1.32	1996	8
08/23/1996	7.93	6.63	5.18	1.30	1996	8
08/30/1996	8.09	6.84	5.21	1.25	1996	8
09/06/1996	8.34	6.95	5.39	1.39	1996	9
09/13/1996	8.28	6.88	5.16	1.40	1996	9
09/20/1996	8.14	6.82	5.22	1.32	1996	9
09/27/1996	8.16	6.73	5.34	1.43	1996	9
10/04/1996	8.06	6.61	5.40	1.45	1996	10
10/11/1996	7.86	6.55	5.14	1.31	1996	10
10/18/1996	7.88	6.54	5.22	1.34	1996	10
10/25/1996	7.86	6.55	5.22	1.31	1996	10
11/01/1996	7.78	6.42	5.27	1.36	1996	11
11/08/1996	7.67	6.30	5.32	1.37	1996	11
11/15/1996	7.59	6.18	5.21	1.41	1996	11
11/22/1996	7.53	6.16	5.41	1.37	1996	11
11/29/1996	7.52	6.12	5.30	1.40	1996	11
12/06/1996	7.44	6.15	5.52	1.29	1996	12
12/13/1996	7.57	6.31	5.22	1.26	1996	12
12/20/1996	7.74	6.40	5.38	1.34	1996	12
12/27/1996	7.64	6.34	5.18	1.30	1996	12
01/03/1997	7.67	6.45	5.37	1.22	1997	1
01/10/1997	7.85	6.57	5.28	1.28	1997	1
01/17/1997	7.87	6.56	5.19	1.31	1997	1
01/24/1997	7.85	6.58	5.19	1.27	1997	1
01/31/1997	7.88	6.62	5.18	1.26	1997	1
02/07/1997	7.74	6.46	5.30	1.28	1997	2
02/14/1997	7.65	6.37	5.05	1.28	1997	2
02/21/1997	7.56	6.33	5.22	1.23	1997	2
02/28/1997	7.65	6.50	5.16	1.15	1997	2
03/07/1997	7.84	6.59	5.36	1.25	1997	3
03/14/1997	7.84	6.63	5.19	1.21	1997	3
03/21/1997	7.94	6.73	5.26	1.21	1997	3
03/28/1997	7.97	6.79	5.40	1.18	1997	3
04/04/1997	8.18	6.90	5.86	1.28	1997	4
04/11/1997	8.15	6.92	5.37	1.23	1997	4
04/18/1997	8.16	6.89	5.48	1.27	1997	4
04/25/1997	8.08	6.89	5.48	1.19	1997	4
05/02/1997	8.01	6.76	5.61	1.25	1997	5
05/09/1997	7.94	6.70	5.55	1.24	1997	5
05/16/1997	7.91	6.68	5.49	1.23	1997	5
05/23/1997	7.92	6.73	5.52	1.19	1997	5
05/30/1997	7.94	6.75	5.43	1.19	1997	5
06/06/1997	7.85	6.61	5.54	1.24	1997	6
06/13/1997	7.72	6.52	5.48	1.20	1997	6
06/20/1997	7.61	6.40	5.62	1.21	1997	6
06/27/1997	7.58	6.45	5.42	1.13	1997	6
07/04/1997	7.62	6.42	5.82	1.20	1997	7
07/11/1997	7.47	6.26	5.48	1.21	1997	7
07/18/1997	7.47	6.23	5.44	1.24	1997	7
07/25/1997	7.43	6.18	5.43	1.25	1997	7
08/01/1997	7.36	6.11	5.57	1.25	1997	8
08/08/1997	7.46	6.26	5.62	1.20	1997	8
08/15/1997	7.54	6.33	5.45	1.21	1997	8
08/22/1997	7.46	6.27	5.59	1.19	1997	8
08/29/1997	7.58	6.36	5.56	1.22	1997	8
09/05/1997	7.53	6.34	5.64	1.19	1997	9
09/12/1997	7.53	6.34	5.48	1.19	1997	9
09/19/1997	7.38	6.14	5.58	1.24	1997	9
09/26/1997	7.28	6.08	5.45	1.20	1997	9
10/03/1997	7.31	6.06	5.58	1.25	1997	10
10/10/1997	7.26	6.04	5.46	1.22	1997	10
10/17/1997	7.34	6.11	5.45	1.23	1997	10
10/24/1997	7.35	6.09	5.54	1.26	1997	10
10/31/1997	7.21	5.90	5.50	1.31	1997	10
11/07/1997	7.24	5.92	5.60	1.32	1997	11
11/14/1997	7.23	5.88	5.50	1.35	1997	11
11/21/1997	7.18	5.84	5.51	1.34	1997	11
11/28/1997	7.17	5.86	5.49	1.31	1997	11
12/05/1997	7.15	5.86	5.58	1.29	1997	12
12/12/1997	7.17	5.87	5.40	1.30	1997	12
12/19/1997	7.07	5.77	5.66	1.30	1997	12
12/26/1997	6.99	5.74	5.44	1.25	1997	12
01/02/1998	7.03	5.75	5.45	1.28	1998	1
01/09/1998	6.94	5.49	5.74	1.45	1998	1
01/16/1998	6.89	5.45	5.45	1.44	1998	1
01/23/1998	6.99	5.59	5.53	1.40	1998	1
01/30/1998	7.12	5.63	5.53	1.49	1998	1
02/06/1998	7.03	5.59	5.52	1.44	1998	2
02/13/1998	7.06	5.57	5.43	1.49	1998	2
02/20/1998	6.99	5.50	5.54	1.49	1998	2
02/28/1998	7.09	5.63	5.51	1.46	1998	2
03/06/1998	7.19	5.75	5.60	1.44	1998	3
03/13/1998	7.16	5.62	5.45	1.54	1998	3
03/20/1998	7.08	5.57	5.47	1.51	1998	3
03/27/1998	7.08	5.63	5.43	1.45	1998	3
04/03/1998	7.15	5.61	5.60	1.54	1998	4
04/10/1998	7.09	5.55	5.48	1.54	1998	4
04/17/1998	7.17	5.61	5.47	1.56	1998	4
04/24/1998	7.15	5.67	5.37	1.48	1998	4
05/01/1998	7.22	5.75	5.40	1.47	1998	5
05/08/1998	7.14	5.68	5.35	1.46	1998	5
05/15/1998	7.19	5.70	5.49	1.49	1998	5
05/22/1998	7.10	5.64	5.60	1.46	1998	5
05/29/1998	7.07	5.57	5.45	1.50	1998	5
06/05/1998	7.05	5.57	5.63	1.48	1998	6
06/12/1998	7.04	5.51	5.43	1.53	1998	6
06/19/1998	6.94	5.47	5.58	1.47	1998	6
06/26/1998	6.96	5.46	5.42	1.50	1998	6
07/03/1998	6.98	5.44	5.88	1.54	1998	7
07/10/1998	6.91	5.41	5.47	1.50	1998	7
07/17/1998	6.94	5.49	5.49	1.45	1998	7
07/24/1998	6.96	5.46	5.50	1.50	1998	7
07/31/1998	6.97	5.50	5.54	1.47	1998	7
08/07/1998	6.94	5.43	5.61	1.51	1998	8
08/14/1998	6.91	5.40	5.50	1.51	1998	8
08/21/1998	6.92	5.39	5.59	1.53	1998	8
08/28/1998	6.92	5.20	5.48	1.72	1998	8
09/04/1998	6.82	5.05	5.61	1.77	1998	9
09/11/1998	6.77	4.90	5.47	1.87	1998	9
09/18/1998	6.66	4.83	5.54	1.83	1998	9
09/25/1998	6.64	4.67	5.42	1.97	1998	9
10/02/1998	6.60	4.46	5.58	2.14	1998	10
10/09/1998	6.49	4.41	5.22	2.08	1998	10
10/16/1998	6.90	4.58	5.14	2.32	1998	10
10/23/1998	6.73	4.59	4.87	2.14	1998	10
10/30/1998	6.83	4.63	4.95	2.20	1998	10
11/06/1998	6.89	4.83	5.22	2.06	1998	11
11/13/1998	6.93	4.82	4.80	2.11	1998	11
11/20/1998	6.86	4.85	4.89	2.01	1998	11
11/27/1998	6.78	4.83	4.54	1.95	1998	11
12/04/1998	6.71	4.64	4.86	2.07	1998	12
12/11/1998	6.69	4.60	4.68	2.09	1998	12
12/18/1998	6.69	4.59	4.97	2.10	1998	12
12/25/1998	6.77	4.75	4.69	2.02	1998	12
12/31/1998	6.83	4.70	4.48	2.13	1998	12
01/08/1999	6.79	4.76	4.30	2.03	1999	1
01/15/1999	6.83	4.75	4.75	2.08	1999	1
01/22/1999	6.78	4.70	4.64	2.08	1999	1
01/29/1999	6.74	4.67	4.66	2.07	1999	1
02/05/1999	6.75	4.84	4.75	1.91	1999	2
02/12/1999	6.77	4.95	4.77	1.82	1999	2
02/19/1999	6.82	5.03	4.75	1.79	1999	2
02/26/1999	6.89	5.18	4.75	1.71	1999	2
03/05/1999	7.06	5.38	4.85	1.68	1999	3
03/12/1999	7.11	5.21	4.80	1.90	1999	3
03/19/1999	7.01	5.14	4.79	1.87	1999	3
03/26/1999	6.98	5.20	4.79	1.78	1999	3
04/02/1999	6.98	5.24	4.84	1.74	1999	4
04/09/1999	6.92	5.11	4.80	1.81	1999	4
04/16/1999	6.87	5.14	4.68	1.73	1999	4
04/23/1999	6.88	5.20	4.61	1.68	1999	4
04/30/1999	6.93	5.26	4.79	1.67	1999	4
05/07/1999	7.02	5.45	4.90	1.57	1999	5
05/14/1999	7.10	5.53	4.70	1.57	1999	5
05/21/1999	7.23	5.61	4.76	1.62	1999	5
05/28/1999	7.23	5.56	4.73	1.67	1999	5
06/04/1999	7.41	5.80	4.65	1.61	1999	6
06/11/1999	7.51	5.89	4.71	1.62	1999	6
06/18/1999	7.65	5.91	4.73	1.74	1999	6
06/25/1999	7.63	5.98	4.71	1.65	1999	6
07/02/1999	7.71	5.87	4.95	1.84	1999	7
07/09/1999	7.65	5.87	5.00	1.78	1999	7
07/16/1999	7.58	5.72	4.97	1.86	1999	7
07/23/1999	7.52	5.72	4.96	1.80	1999	7
07/30/1999	7.70	5.86	5.01	1.84	1999	7
08/06/1999	7.89	5.95	5.06	1.94	1999	8
08/13/1999	8.15	6.08	4.96	2.07	1999	8
08/20/1999	7.93	5.91	5.03	2.02	1999	8
08/27/1999	7.80	5.81	5.02	1.99	1999	8
09/03/1999	7.83	5.97	5.34	1.86	1999	9
09/10/1999	7.88	5.94	5.16	1.94	1999	9
09/17/1999	7.82	5.92	5.24	1.90	1999	9
09/24/1999	7.76	5.88	5.16	1.88	1999	9
10/01/1999	7.70	5.92	5.27	1.78	1999	10
10/08/1999	7.82	6.02	5.27	1.80	1999	10
10/15/1999	7.85	6.11	5.17	1.74	1999	10
10/22/1999	7.93	6.18	5.18	1.75	1999	10
10/29/1999	7.96	6.16	5.18	1.80	1999	10
11/05/1999	7.84	6.00	5.27	1.84	1999	11
11/12/1999	7.67	5.96	5.20	1.71	1999	11
11/19/1999	7.69	6.02	5.44	1.67	1999	11
11/26/1999	7.75	6.10	5.52	1.65	1999	11
12/03/1999	7.84	6.20	5.63	1.64	1999	12
12/10/1999	7.84	6.13	5.45	1.71	1999	12
12/17/1999	7.86	6.24	5.44	1.62	1999	12
12/24/1999	7.96	6.39	5.46	1.57	1999	12
12/31/1999	8.06	6.41	5.01	1.65	1999	12
01/07/2000	8.15	6.56	4.72	1.59	2000	1
01/14/2000	8.18	6.66	5.62	1.52	2000	1
01/21/2000	8.26	6.77	5.59	1.49	2000	1
01/28/2000	8.25	6.68	5.43	1.57	2000	1
02/04/2000	8.25	6.58	5.66	1.67	2000	2
02/11/2000	8.36	6.62	5.71	1.74	2000	2
02/18/2000	8.38	6.55	5.75	1.83	2000	2
02/25/2000	8.31	6.38	5.72	1.93	2000	2
03/03/2000	8.27	6.39	5.77	1.88	2000	3
03/10/2000	8.23	6.39	5.73	1.84	2000	3
03/17/2000	8.24	6.28	5.79	1.96	2000	3
03/24/2000	8.23	6.14	5.81	2.09	2000	3
03/31/2000	8.23	6.13	6.01	2.10	2000	3
04/07/2000	8.20	5.92	6.12	2.28	2000	4
04/14/2000	8.12	5.89	5.98	2.23	2000	4
04/21/2000	8.16	6.01	6.04	2.15	2000	4
04/28/2000	8.13	6.15	5.97	1.98	2000	4
05/05/2000	8.28	6.40	6.06	1.88	2000	5
05/12/2000	8.52	6.50	5.96	2.02	2000	5
05/19/2000	8.64	6.49	6.16	2.15	2000	5
05/26/2000	8.62	6.42	6.50	2.20	2000	5
06/02/2000	8.54	6.26	6.53	2.28	2000	6
06/09/2000	8.32	6.13	6.49	2.19	2000	6
06/16/2000	8.22	6.06	6.50	2.16	2000	6
06/23/2000	8.14	6.09	6.51	2.05	2000	6
06/30/2000	8.22	6.08	6.53	2.14	2000	6
07/07/2000	8.16	6.01	6.85	2.15	2000	7
07/14/2000	8.09	6.06	6.44	2.03	2000	7
07/21/2000	8.21	6.10	6.50	2.11	2000	7
07/28/2000	8.13	6.04	6.50	2.09	2000	7
08/04/2000	8.12	5.98	6.49	2.14	2000	8
08/11/2000	8.04	5.85	6.45	2.19	2000	8
08/18/2000	7.96	5.80	6.53	2.16	2000	8
08/25/2000	7.99	5.75	6.46	2.24	2000	8
09/01/2000	7.96	5.76	6.54	2.20	2000	9
09/08/2000	7.94	5.73	6.56	2.21	2000	9
09/15/2000	7.88	5.78	6.50	2.10	2000	9
09/22/2000	7.90	5.88	6.50	2.02	2000	9
09/29/2000	7.88	5.82	6.50	2.06	2000	9
10/06/2000	7.83	5.86	6.58	1.97	2000	10
10/13/2000	7.84	5.76	6.47	2.08	2000	10
10/20/2000	7.83	5.68	6.49	2.15	2000	10
10/27/2000	7.68	5.66	6.51	2.02	2000	10
11/03/2000	7.73	5.76	6.55	1.97	2000	11
11/10/2000	7.79	5.85	6.49	1.94	2000	11
11/17/2000	7.73	5.73	6.52	2.00	2000	11
11/24/2000	7.73	5.65	6.51	2.08	2000	11
12/01/2000	7.65	5.56	6.50	2.09	2000	12
12/08/2000	7.54	5.39	6.57	2.15	2000	12
12/15/2000	7.42	5.29	6.47	2.13	2000	12
12/22/2000	7.17	5.10	6.53	2.07	2000	12
12/29/2000	7.13	5.10	6.48	2.03	2000	12
01/05/2001	7.07	5.01	5.88	2.06	2001	1
01/12/2001	6.89	5.08	5.91	1.81	2001	1
01/19/2001	7.02	5.19	6.02	1.83	2001	1
01/26/2001	7.15	5.29	5.96	1.86	2001	1
02/02/2001	7.09	5.20	5.94	1.89	2001	2
02/09/2001	6.98	5.13	5.51	1.85	2001	2
02/16/2001	7.01	5.11	5.47	1.90	2001	2
02/23/2001	7.12	5.13	5.50	1.99	2001	2
03/02/2001	7.03	4.95	5.50	2.08	2001	3
03/09/2001	6.97	4.95	5.49	2.02	2001	3
03/16/2001	6.96	4.86	5.46	2.10	2001	3
03/23/2001	6.89	4.78	5.33	2.11	2001	3
03/30/2001	6.91	4.95	5.00	1.96	2001	3
04/06/2001	7.01	4.95	5.21	2.06	2001	4
04/13/2001	7.04	5.08	4.96	1.96	2001	4
04/20/2001	7.14	5.24	4.98	1.90	2001	4
04/27/2001	7.12	5.25	4.42	1.87	2001	4
05/04/2001	7.14	5.28	4.53	1.86	2001	5
05/11/2001	7.10	5.29	4.43	1.81	2001	5
05/18/2001	7.14	5.46	4.37	1.68	2001	5
05/25/2001	7.20	5.46	3.98	1.74	2001	5
06/01/2001	7.24	5.48	3.98	1.76	2001	6
06/08/2001	7.20	5.32	4.08	1.88	2001	6
06/15/2001	7.14	5.28	4.00	1.86	2001	6
06/22/2001	7.11	5.23	3.95	1.88	2001	6
06/29/2001	7.11	5.29	3.91	1.82	2001	6
07/06/2001	7.19	5.41	3.89	1.78	2001	7
07/13/2001	7.21	5.31	3.67	1.90	2001	7
07/20/2001	7.08	5.17	3.76	1.91	2001	7
07/27/2001	7.03	5.16	3.81	1.87	2001	7
08/03/2001	7.00	5.13	3.79	1.87	2001	8
08/10/2001	7.00	5.08	3.70	1.92	2001	8
08/17/2001	6.92	4.95	3.75	1.97	2001	8
08/24/2001	6.91	4.90	3.63	2.01	2001	8
08/31/2001	6.92	4.84	3.52	2.08	2001	8
09/07/2001	6.89	4.91	3.63	1.98	2001	9
09/14/2001	6.86	4.68	3.49	2.18	2001	9
09/21/2001	6.80	4.70	2.47	2.10	2001	9
09/28/2001	6.72	4.66	2.99	2.06	2001	9
10/05/2001	6.64	4.53	2.71	2.11	2001	10
10/12/2001	6.58	4.65	2.44	1.93	2001	10
10/19/2001	6.61	4.60	2.44	2.01	2001	10
10/26/2001	6.64	4.60	2.49	2.04	2001	10
11/02/2001	6.56	4.37	2.55	2.19	2001	11
11/09/2001	6.45	4.30	2.36	2.15	2001	11
11/16/2001	6.51	4.66	2.03	1.85	2001	11
11/23/2001	6.75	4.93	2.01	1.82	2001	11
11/30/2001	7.02	4.92	1.95	2.10	2001	11
12/07/2001	6.84	4.92	2.02	1.92	2001	12
12/14/2001	7.09	5.14	1.88	1.95	2001	12
12/21/2001	7.17	5.14	1.84	2.03	2001	12
12/28/2001	7.16	5.17	1.77	1.99	2001	12
01/04/2002	7.14	5.15	1.63	1.99	2002	1
01/11/2002	7.06	5.04	1.64	2.02	2002	1
01/18/2002	6.83	4.92	1.74	1.91	2002	1
01/25/2002	6.96	5.05	1.74	1.91	2002	1
02/01/2002	7.02	5.05	1.78	1.97	2002	2
02/08/2002	6.88	4.92	1.74	1.96	2002	2
02/15/2002	6.86	4.94	1.72	1.92	2002	2
02/22/2002	6.81	4.87	1.75	1.94	2002	2
03/01/2002	6.80	4.90	1.75	1.90	2002	3
03/08/2002	6.87	5.13	1.74	1.74	2002	3
03/15/2002	7.08	5.34	1.71	1.74	2002	3
03/22/2002	7.14	5.37	1.76	1.77	2002	3
03/29/2002	7.18	5.38	1.70	1.80	2002	3
04/05/2002	7.13	5.32	1.77	1.81	2002	4
04/12/2002	6.99	5.22	1.71	1.77	2002	4
04/19/2002	6.94	5.21	1.78	1.73	2002	4
04/26/2002	6.88	5.13	1.70	1.75	2002	4
05/03/2002	6.78	5.11	1.81	1.67	2002	5
05/10/2002	6.79	5.16	1.74	1.63	2002	5
05/17/2002	6.89	5.26	1.75	1.63	2002	5
05/24/2002	6.81	5.17	1.71	1.64	2002	5
05/31/2002	6.76	5.10	1.78	1.66	2002	5
06/07/2002	6.71	5.06	1.78	1.65	2002	6
06/14/2002	6.71	4.97	1.74	1.74	2002	6
06/21/2002	6.63	4.83	1.75	1.80	2002	6
06/28/2002	6.55	4.84	1.75	1.71	2002	6
07/05/2002	6.57	4.83	1.75	1.74	2002	7
07/12/2002	6.54	4.71	1.73	1.83	2002	7
07/19/2002	6.49	4.68	1.74	1.81	2002	7
07/26/2002	6.34	4.47	1.72	1.87	2002	7
08/02/2002	6.43	4.52	1.72	1.91	2002	8
08/09/2002	6.31	4.35	1.74	1.96	2002	8
08/16/2002	6.22	4.18	1.72	2.04	2002	8
08/23/2002	6.27	4.24	1.73	2.03	2002	8
08/30/2002	6.22	4.21	1.76	2.01	2002	8
09/06/2002	6.15	3.98	1.81	2.17	2002	9
09/13/2002	6.18	4.00	1.73	2.18	2002	9
09/20/2002	6.05	3.84	1.73	2.21	2002	9
09/27/2002	5.99	3.73	1.72	2.26	2002	9
10/04/2002	6.01	3.69	1.80	2.32	2002	10
10/11/2002	5.98	3.68	1.73	2.30	2002	10
10/18/2002	6.15	4.11	1.75	2.04	2002	10
10/25/2002	6.31	4.21	1.72	2.10	2002	10
11/01/2002	6.13	4.00	1.79	2.13	2002	11
11/08/2002	6.11	4.00	1.70	2.11	2002	11
11/15/2002	5.94	3.94	1.21	2.00	2002	11
11/22/2002	6.03	4.08	1.28	1.95	2002	11
11/29/2002	6.13	4.19	1.27	1.94	2002	11
12/06/2002	6.19	4.17	1.24	2.02	2002	12
12/13/2002	6.04	4.04	1.23	2.00	2002	12
12/20/2002	6.03	4.05	1.27	1.98	2002	12
12/27/2002	5.93	3.92	1.23	2.01	2002	12
01/03/2003	5.85	3.94	1.20	1.91	2003	1
01/10/2003	5.95	4.10	1.20	1.85	2003	1
01/17/2003	5.97	4.10	1.26	1.87	2003	1
01/24/2003	5.91	3.97	1.23	1.94	2003	1
01/31/2003	5.90	4.01	1.24	1.89	2003	1
02/07/2003	5.88	3.98	1.29	1.90	2003	2
02/14/2003	5.86	3.95	1.22	1.91	2003	2
02/21/2003	5.84	3.89	1.30	1.95	2003	2
02/28/2003	5.79	3.78	1.24	2.01	2003	2
03/07/2003	5.67	3.65	1.29	2.02	2003	3
03/14/2003	5.61	3.65	1.21	1.96	2003	3
03/21/2003	5.79	3.97	1.27	1.82	2003	3
03/28/2003	5.91	3.96	1.22	1.95	2003	3
04/04/2003	5.79	3.90	1.28	1.89	2003	4
04/11/2003	5.85	3.97	1.23	1.88	2003	4
04/18/2003	5.82	3.99	1.27	1.83	2003	4
04/25/2003	5.79	3.97	1.26	1.82	2003	4
05/02/2003	5.70	3.92	1.28	1.78	2003	5
05/09/2003	5.62	3.77	1.26	1.85	2003	5
05/16/2003	5.45	3.56	1.25	1.89	2003	5
05/23/2003	5.34	3.38	1.27	1.96	2003	5
05/30/2003	5.31	3.39	1.24	1.92	2003	5
06/06/2003	5.26	3.36	1.26	1.90	2003	6
06/13/2003	5.21	3.20	1.24	2.01	2003	6
06/20/2003	5.21	3.31	1.25	1.90	2003	6
06/27/2003	5.24	3.42	1.21	1.82	2003	6
07/04/2003	5.40	3.58	1.13	1.82	2003	7
07/11/2003	5.52	3.72	0.96	1.80	2003	7
07/18/2003	5.67	3.93	1.02	1.74	2003	7
07/25/2003	5.94	4.18	1.01	1.76	2003	7
08/01/2003	6.14	4.40	1.04	1.74	2003	8
08/08/2003	6.34	4.34	0.97	2.00	2003	8
08/15/2003	6.24	4.49	0.98	1.75	2003	8
08/22/2003	6.28	4.47	1.18	1.81	2003	8
08/29/2003	6.32	4.49	1.00	1.83	2003	8
09/05/2003	6.44	4.52	1.01	1.92	2003	9
09/12/2003	6.16	4.34	0.96	1.82	2003	9
09/19/2003	6.01	4.23	1.02	1.78	2003	9
09/26/2003	5.98	4.16	1.00	1.82	2003	9
10/03/2003	5.77	4.05	1.07	1.72	2003	10
10/10/2003	5.95	4.26	0.99	1.69	2003	10
10/17/2003	6.05	4.42	1.03	1.63	2003	10
10/24/2003	6.05	4.33	1.00	1.72	2003	10
10/31/2003	5.94	4.31	1.00	1.63	2003	10
11/07/2003	5.98	4.41	1.01	1.57	2003	11
11/14/2003	6.03	4.36	0.99	1.67	2003	11
11/21/2003	5.83	4.18	0.99	1.65	2003	11
11/28/2003	5.89	4.25	0.99	1.64	2003	11
12/05/2003	6.02	4.36	1.00	1.66	2003	12
12/12/2003	5.88	4.29	0.98	1.59	2003	12
12/19/2003	5.82	4.20	1.00	1.62	2003	12
12/26/2003	5.81	4.21	0.99	1.60	2003	12
12/31/2003	5.85	4.30	0.96	1.55	2003	12
01/08/2004	5.87	4.27	0.97	1.60	2004	1
01/15/2004	5.66	4.04	0.99	1.62	2004	1
01/22/2004	5.64	4.05	1.00	1.59	2004	1
01/29/2004	5.68	4.17	1.02	1.51	2004	1
02/05/2004	5.72	4.16	1.01	1.56	2004	2
02/12/2004	5.66	4.08	1.00	1.58	2004	2
02/19/2004	5.58	4.06	1.01	1.52	2004	2
02/26/2004	5.58	4.03	1.00	1.55	2004	2
03/04/2004	5.59	4.00	1.03	1.59	2004	3
03/11/2004	5.41	3.75	1.00	1.66	2004	3
03/18/2004	5.38	3.75	1.00	1.63	2004	3
03/25/2004	5.40	3.76	0.99	1.64	2004	3
04/01/2004	5.52	3.95	1.01	1.57	2004	4
04/08/2004	5.79	4.21	1.01	1.58	2004	4
04/15/2004	5.89	4.36	1.01	1.53	2004	4
04/22/2004	5.94	4.43	1.00	1.51	2004	4
04/29/2004	6.01	4.49	1.00	1.52	2004	4
05/06/2004	6.12	4.62	1.02	1.50	2004	5
05/13/2004	6.34	4.81	0.99	1.53	2004	5
05/20/2004	6.30	4.74	1.02	1.56	2004	5
05/27/2004	6.32	4.68	0.99	1.64	2004	5
06/03/2004	6.28	4.74	1.01	1.54	2004	6
06/10/2004	6.30	4.80	0.99	1.50	2004	6
06/17/2004	6.32	4.75	1.01	1.57	2004	6
06/24/2004	6.25	4.69	1.00	1.56	2004	6
07/01/2004	6.21	4.63	1.11	1.58	2004	7
07/08/2004	6.01	4.49	1.28	1.52	2004	7
07/15/2004	6.00	4.47	1.25	1.53	2004	7
07/22/2004	5.98	4.46	1.25	1.52	2004	7
07/29/2004	6.08	4.56	1.26	1.52	2004	7
08/05/2004	5.99	4.41	1.27	1.58	2004	8
08/12/2004	5.85	4.28	1.36	1.57	2004	8
08/19/2004	5.81	4.23	1.42	1.58	2004	8
08/26/2004	5.82	4.25	1.51	1.57	2004	8
09/02/2004	5.77	4.19	1.53	1.58	2004	9
09/09/2004	5.83	4.21	1.50	1.62	2004	9
09/16/2004	5.75	4.14	1.49	1.61	2004	9
09/23/2004	5.70	4.04	1.64	1.66	2004	9
09/30/2004	5.72	4.10	1.76	1.62	2004	9
10/07/2004	5.82	4.20	1.82	1.62	2004	10
10/14/2004	5.74	4.08	1.73	1.66	2004	10
10/21/2004	5.69	4.03	1.76	1.66	2004	10
10/28/2004	5.64	4.05	1.74	1.59	2004	10
11/04/2004	5.70	4.12	1.78	1.58	2004	11
11/11/2004	5.76	4.22	1.79	1.54	2004	11
11/18/2004	5.74	4.17	2.00	1.57	2004	11
11/24/2004	5.72	4.20	2.00	1.52	2004	11
12/02/2004	5.81	4.35	2.02	1.46	2004	12
12/09/2004	5.71	4.19	2.00	1.52	2004	12
12/16/2004	5.68	4.16	2.15	1.52	2004	12
12/22/2004	5.75	4.21	2.24	1.54	2004	12
12/29/2004	5.81	4.29	2.27	1.52	2004	12
01/06/2005	5.77	4.28	2.14	1.49	2005	1
01/13/2005	5.74	4.25	2.25	1.49	2005	1
01/20/2005	5.67	4.19	2.28	1.48	2005	1
01/27/2005	5.66	4.19	2.27	1.47	2005	1
02/03/2005	5.63	4.14	2.43	1.49	2005	2
02/10/2005	5.57	4.06	2.50	1.51	2005	2
02/17/2005	5.62	4.16	2.50	1.46	2005	2
02/24/2005	5.69	4.28	2.52	1.41	2005	2
03/03/2005	5.79	4.37	2.51	1.42	2005	3
03/10/2005	5.85	4.45	2.50	1.40	2005	3
03/17/2005	5.95	4.51	2.55	1.44	2005	3
03/24/2005	6.01	4.59	2.71	1.42	2005	3
03/31/2005	6.04	4.55	2.77	1.49	2005	3
04/07/2005	5.93	4.48	2.81	1.45	2005	4
04/14/2005	5.91	4.37	2.76	1.54	2005	4
04/21/2005	5.80	4.26	2.78	1.54	2005	4
04/28/2005	5.78	4.24	2.74	1.54	2005	4
05/05/2005	5.75	4.22	2.96	1.53	2005	5
05/12/2005	5.77	4.21	2.99	1.56	2005	5
05/19/2005	5.71	4.11	3.01	1.60	2005	5
05/26/2005	5.65	4.07	3.01	1.58	2005	5
06/02/2005	5.62	3.95	3.02	1.67	2005	6
06/09/2005	5.56	3.97	2.98	1.59	2005	6
06/16/2005	5.63	4.10	3.02	1.53	2005	6
06/23/2005	5.57	4.00	2.98	1.57	2005	6
06/30/2005	5.53	3.97	3.11	1.56	2005	6
07/07/2005	5.62	4.09	3.29	1.53	2005	7
07/14/2005	5.66	4.16	3.22	1.50	2005	7
07/21/2005	5.73	4.22	3.26	1.51	2005	7
07/28/2005	5.77	4.25	3.26	1.52	2005	7
08/04/2005	5.82	4.34	3.29	1.48	2005	8
08/11/2005	5.89	4.36	3.48	1.53	2005	8
08/18/2005	5.80	4.24	3.54	1.56	2005	8
08/25/2005	5.77	4.20	3.52	1.57	2005	8
09/01/2005	5.71	4.09	3.55	1.62	2005	9
09/08/2005	5.71	4.13	3.51	1.58	2005	9
09/15/2005	5.74	4.19	3.49	1.55	2005	9
09/22/2005	5.80	4.23	3.65	1.57	2005	9
09/29/2005	5.91	4.30	3.77	1.61	2005	9
10/06/2005	5.98	4.37	3.85	1.61	2005	10
10/13/2005	6.03	4.45	3.68	1.58	2005	10
10/20/2005	6.10	4.46	3.76	1.64	2005	10
10/27/2005	6.15	4.55	3.76	1.60	2005	10
11/03/2005	6.31	4.61	3.94	1.70	2005	11
11/10/2005	6.36	4.60	4.00	1.76	2005	11
11/17/2005	6.37	4.52	3.98	1.85	2005	11
11/23/2005	6.28	4.45	4.00	1.83	2005	11
12/01/2005	6.26	4.48	4.02	1.78	2005	12
12/08/2005	6.32	4.52	4.00	1.80	2005	12
12/15/2005	6.30	4.49	4.19	1.81	2005	12
12/22/2005	6.26	4.45	4.24	1.81	2005	12
12/29/2005	6.22	4.37	4.22	1.85	2005	12
01/05/2006	6.21	4.37	4.16	1.84	2006	1
01/12/2006	6.15	4.41	4.23	1.74	2006	1
01/19/2006	6.10	4.36	4.29	1.74	2006	1
01/26/2006	6.12	4.46	4.26	1.66	2006	1
02/02/2006	6.23	4.55	4.44	1.68	2006	2
02/09/2006	6.24	4.56	4.50	1.68	2006	2
02/16/2006	6.28	4.59	4.49	1.69	2006	2
02/23/2006	6.26	4.56	4.49	1.70	2006	2
03/02/2006	6.24	4.61	4.50	1.63	2006	3
03/09/2006	6.37	4.74	4.51	1.63	2006	3
03/16/2006	6.34	4.71	4.51	1.63	2006	3
03/23/2006	6.32	4.69	4.57	1.63	2006	3
03/30/2006	6.35	4.80	4.70	1.55	2006	3
04/06/2006	6.43	4.89	4.88	1.54	2006	4
04/13/2006	6.49	4.98	4.76	1.51	2006	4
04/20/2006	6.53	5.02	4.77	1.51	2006	4
04/27/2006	6.58	5.07	4.74	1.51	2006	4
05/04/2006	6.59	5.14	4.83	1.45	2006	5
05/11/2006	6.58	5.14	4.84	1.44	2006	5
05/18/2006	6.60	5.11	5.00	1.49	2006	5
05/25/2006	6.62	5.05	4.98	1.57	2006	5
06/01/2006	6.67	5.08	5.01	1.59	2006	6
06/08/2006	6.62	5.01	4.99	1.61	2006	6
06/15/2006	6.63	5.05	5.00	1.58	2006	6
06/22/2006	6.71	5.18	4.95	1.53	2006	6
06/29/2006	6.78	5.22	5.00	1.56	2006	6
07/06/2006	6.79	5.18	5.14	1.61	2006	7
07/13/2006	6.74	5.10	5.24	1.64	2006	7
07/20/2006	6.80	5.07	5.25	1.73	2006	7
07/27/2006	6.72	5.05	5.24	1.67	2006	7
08/03/2006	6.63	4.96	5.27	1.67	2006	8
08/10/2006	6.55	4.94	5.25	1.61	2006	8
08/17/2006	6.52	4.90	5.23	1.62	2006	8
08/24/2006	6.48	4.81	5.24	1.67	2006	8
08/31/2006	6.44	4.76	5.25	1.68	2006	8
09/07/2006	6.47	4.79	5.25	1.68	2006	9
09/14/2006	6.43	4.79	5.23	1.64	2006	9
09/21/2006	6.40	4.71	5.24	1.69	2006	9
09/28/2006	6.31	4.60	5.27	1.71	2006	9
10/05/2006	6.30	4.62	5.30	1.68	2006	10
10/12/2006	6.37	4.78	5.23	1.59	2006	10
10/19/2006	6.36	4.78	5.23	1.58	2006	10
10/26/2006	6.40	4.77	5.24	1.63	2006	10
11/02/2006	6.31	4.64	5.25	1.67	2006	11
11/09/2006	6.33	4.64	5.24	1.69	2006	11
11/16/2006	6.24	4.61	5.25	1.63	2006	11
11/22/2006	6.18	4.58	5.24	1.60	2006	11
11/30/2006	6.14	4.49	5.26	1.65	2006	11
12/07/2006	6.11	4.48	5.25	1.63	2006	12
12/14/2006	6.12	4.56	5.24	1.56	2006	12
12/21/2006	6.13	4.60	5.25	1.53	2006	12
12/28/2006	6.18	4.67	5.24	1.51	2006	12
01/04/2007	6.18	4.66	5.22	1.52	2007	1
01/11/2007	6.21	4.70	5.23	1.51	2007	1
01/18/2007	6.23	4.77	5.24	1.46	2007	1
01/25/2007	6.25	4.83	5.25	1.42	2007	1
02/01/2007	6.34	4.86	5.27	1.48	2007	2
02/08/2007	6.28	4.77	5.25	1.51	2007	2
02/15/2007	6.30	4.75	5.26	1.55	2007	2
02/22/2007	6.22	4.70	5.25	1.52	2007	2
03/01/2007	6.18	4.55	5.28	1.63	2007	3
03/08/2007	6.14	4.53	5.25	1.61	2007	3
03/15/2007	6.14	4.54	5.25	1.60	2007	3
03/22/2007	6.16	4.58	5.26	1.58	2007	3
03/29/2007	6.16	4.63	5.26	1.53	2007	3
04/05/2007	6.17	4.68	5.26	1.49	2007	4
04/12/2007	6.22	4.74	5.28	1.48	2007	4
04/19/2007	6.17	4.69	5.24	1.48	2007	4
04/26/2007	6.16	4.67	5.23	1.49	2007	4
05/03/2007	6.16	4.65	5.25	1.51	2007	5
05/10/2007	6.15	4.65	5.23	1.50	2007	5
05/17/2007	6.21	4.74	5.27	1.47	2007	5
05/24/2007	6.37	4.84	5.24	1.53	2007	5
05/31/2007	6.42	4.90	5.28	1.52	2007	5
06/07/2007	6.53	5.02	5.24	1.51	2007	6
06/14/2007	6.74	5.20	5.26	1.54	2007	6
06/21/2007	6.69	5.14	5.25	1.55	2007	6
06/28/2007	6.67	5.09	5.25	1.58	2007	6
07/05/2007	6.63	5.10	5.28	1.53	2007	7
07/12/2007	6.73	5.10	5.23	1.63	2007	7
07/19/2007	6.73	5.03	5.27	1.70	2007	7
07/26/2007	6.69	4.88	5.26	1.81	2007	7
08/02/2007	6.68	4.77	5.27	1.91	2007	8
08/09/2007	6.59	4.79	5.25	1.80	2007	8
08/16/2007	6.62	4.70	4.79	1.92	2007	8
08/23/2007	6.52	4.62	4.91	1.90	2007	8
08/30/2007	6.45	4.55	5.11	1.90	2007	8
09/06/2007	6.46	4.48	5.03	1.98	2007	9
09/13/2007	6.31	4.42	4.98	1.89	2007	9
09/20/2007	6.34	4.57	5.12	1.77	2007	9
09/27/2007	6.42	4.61	4.78	1.81	2007	9
10/04/2007	6.37	4.57	4.72	1.80	2007	10
10/11/2007	6.40	4.67	4.75	1.73	2007	10
10/18/2007	6.40	4.57	4.74	1.83	2007	10
10/25/2007	6.33	4.39	4.73	1.94	2007	10
11/01/2007	6.26	4.39	4.78	1.87	2007	11
11/08/2007	6.24	4.32	4.33	1.92	2007	11
11/15/2007	6.24	4.22	4.54	2.02	2007	11
11/21/2007	6.20	4.04	4.51	2.16	2007	11
11/29/2007	6.10	3.94	4.53	2.16	2007	11
12/06/2007	5.96	3.97	4.55	1.99	2007	12
12/13/2007	6.11	4.12	4.39	1.99	2007	12
12/20/2007	6.14	4.12	4.21	2.02	2007	12
12/27/2007	6.17	4.21	4.21	1.96	2007	12
01/03/2008	6.07	3.94	3.77	2.13	2008	1
01/10/2008	5.87	3.85	4.23	2.02	2008	1
01/17/2008	5.69	3.72	4.24	1.97	2008	1
01/24/2008	5.48	3.58	4.00	1.90	2008	1
01/31/2008	5.68	3.67	3.50	2.01	2008	1
02/07/2008	5.67	3.66	3.01	2.01	2008	2
02/14/2008	5.72	3.72	3.00	2.00	2008	2
02/21/2008	6.04	3.85	2.98	2.19	2008	2
02/28/2008	6.24	3.78	2.96	2.46	2008	2
03/06/2008	6.03	3.61	3.00	2.42	2008	3
03/13/2008	6.13	3.51	2.97	2.62	2008	3
03/20/2008	5.87	3.39	2.70	2.48	2008	3
03/27/2008	5.85	3.52	2.18	2.33	2008	3
04/03/2008	5.88	3.55	2.23	2.33	2008	4
04/10/2008	5.88	3.54	2.23	2.34	2008	4
04/17/2008	5.88	3.67	2.34	2.21	2008	4
04/24/2008	6.03	3.81	2.25	2.22	2008	4
05/01/2008	6.06	3.83	2.28	2.23	2008	5
05/08/2008	6.05	3.85	1.94	2.20	2008	5
05/15/2008	6.01	3.86	1.96	2.15	2008	5
05/22/2008	5.98	3.84	1.96	2.14	2008	5
05/29/2008	6.08	4.03	2.05	2.05	2008	5
06/05/2008	6.09	3.98	1.99	2.11	2008	6
06/12/2008	6.32	4.15	1.99	2.17	2008	6
06/19/2008	6.42	4.20	1.98	2.22	2008	6
06/26/2008	6.45	4.09	1.97	2.36	2008	6
07/03/2008	6.35	4.00	2.08	2.35	2008	7
07/10/2008	6.37	3.90	1.95	2.47	2008	7
07/17/2008	6.26	3.98	2.01	2.28	2008	7
07/24/2008	6.63	4.11	1.99	2.52	2008	7
07/31/2008	6.52	4.04	2.08	2.48	2008	7
08/07/2008	6.52	3.99	2.02	2.53	2008	8
08/14/2008	6.52	3.91	1.99	2.61	2008	8
08/21/2008	6.47	3.83	2.02	2.64	2008	8
08/28/2008	6.40	3.79	1.99	2.61	2008	8
09/04/2008	6.35	3.69	1.96	2.66	2008	9
09/11/2008	5.93	3.66	1.99	2.27	2008	9
09/18/2008	5.78	3.54	2.25	2.24	2008	9
09/25/2008	6.09	3.84	1.54	2.25	2008	9
10/02/2008	6.10	3.70	1.32	2.40	2008	10
10/09/2008	5.94	3.69	1.59	2.25	2008	10
10/16/2008	6.46	4.02	0.96	2.44	2008	10
10/23/2008	6.04	3.74	0.69	2.30	2008	10
10/30/2008	6.46	3.92	0.82	2.54	2008	10
11/06/2008	6.20	3.82	0.24	2.38	2008	11
11/13/2008	6.14	3.78	0.28	2.36	2008	11
11/20/2008	6.04	3.38	0.36	2.66	2008	11
11/26/2008	5.97	3.10	0.56	2.87	2008	11
12/04/2008	5.53	2.66	0.49	2.87	2008	12
12/11/2008	5.47	2.67	0.13	2.80	2008	12
12/18/2008	5.19	2.26	0.15	2.93	2008	12
12/24/2008	5.14	2.18	0.11	2.96	2008	12
12/31/2008	5.10	2.24	0.10	2.86	2008	12
01/08/2009	5.01	2.48	0.10	2.53	2009	1
01/15/2009	4.96	2.30	0.10	2.66	2009	1
01/22/2009	5.12	2.56	0.20	2.56	2009	1
01/29/2009	5.10	2.75	0.19	2.35	2009	1
02/05/2009	5.25	2.92	0.23	2.33	2009	2
02/12/2009	5.16	2.88	0.23	2.28	2009	2
02/19/2009	5.04	2.75	0.23	2.29	2009	2
02/26/2009	5.07	2.91	0.20	2.16	2009	2
03/05/2009	5.15	2.90	0.22	2.25	2009	3
03/12/2009	5.03	2.92	0.20	2.11	2009	3
03/19/2009	4.98	2.75	0.17	2.23	2009	3
03/26/2009	4.85	2.74	0.17	2.11	2009	3
04/02/2009	4.78	2.76	0.16	2.02	2009	4
04/09/2009	4.87	2.93	0.14	1.94	2009	4
04/16/2009	4.82	2.87	0.15	1.95	2009	4
04/23/2009	4.80	2.96	0.14	1.84	2009	4
04/30/2009	4.78	3.10	0.17	1.68	2009	4
05/07/2009	4.84	3.23	0.21	1.61	2009	5
05/14/2009	4.86	3.14	0.17	1.72	2009	5
05/21/2009	4.82	3.29	0.16	1.53	2009	5
05/28/2009	4.91	3.59	0.17	1.32	2009	5
06/04/2009	5.29	3.70	0.19	1.59	2009	6
06/11/2009	5.59	3.89	0.20	1.70	2009	6
06/18/2009	5.38	3.75	0.19	1.63	2009	6
06/25/2009	5.42	3.63	0.24	1.79	2009	6
07/02/2009	5.32	3.53	0.19	1.79	2009	7
07/09/2009	5.20	3.42	0.17	1.78	2009	7
07/16/2009	5.14	3.55	0.14	1.59	2009	7
07/23/2009	5.20	3.62	0.15	1.58	2009	7
07/30/2009	5.25	3.67	0.15	1.58	2009	7
08/06/2009	5.22	3.77	0.18	1.45	2009	8
08/13/2009	5.29	3.67	0.17	1.62	2009	8
08/20/2009	5.12	3.48	0.16	1.64	2009	8
08/27/2009	5.14	3.46	0.16	1.68	2009	8
09/03/2009	5.08	3.37	0.15	1.71	2009	9
09/10/2009	5.07	3.41	0.15	1.66	2009	9
09/17/2009	5.04	3.46	0.16	1.58	2009	9
09/24/2009	5.04	3.43	0.16	1.61	2009	9
10/01/2009	4.94	3.28	0.12	1.66	2009	10
10/08/2009	4.87	3.28	0.13	1.59	2009	10
10/15/2009	4.92	3.43	0.12	1.49	2009	10
10/22/2009	5.00	3.43	0.12	1.57	2009	10
10/29/2009	5.03	3.49	0.11	1.54	2009	10
11/05/2009	4.98	3.53	0.12	1.45	2009	11
11/12/2009	4.91	3.48	0.12	1.43	2009	11
11/19/2009	4.83	3.35	0.12	1.48	2009	11
11/25/2009	4.78	3.30	0.11	1.48	2009	11
12/03/2009	4.71	3.34	0.12	1.37	2009	12
12/10/2009	4.81	3.47	0.12	1.34	2009	12
12/17/2009	4.94	3.56	0.12	1.38	2009	12
12/24/2009	5.05	3.76	0.12	1.29	2009	12
12/31/2009	5.14	3.83	0.11	1.31	2009	12
01/07/2010	5.09	3.83	0.08	1.26	2010	1
01/14/2010	5.06	3.77	0.11	1.29	2010	1
01/21/2010	4.99	3.66	0.12	1.33	2010	1
01/28/2010	4.98	3.66	0.12	1.32	2010	1
02/04/2010	5.01	3.66	0.13	1.35	2010	2
02/11/2010	4.97	3.69	0.13	1.28	2010	2
02/18/2010	4.93	3.74	0.12	1.19	2010	2
02/25/2010	5.05	3.69	0.12	1.36	2010	2
03/04/2010	4.97	3.63	0.13	1.34	2010	3
03/11/2010	4.95	3.72	0.16	1.23	2010	3
03/18/2010	4.96	3.68	0.18	1.28	2010	3
03/25/2010	4.99	3.79	0.18	1.20	2010	3
04/01/2010	5.08	3.89	0.16	1.19	2010	4
04/08/2010	5.21	3.94	0.19	1.27	2010	4
04/15/2010	5.07	3.85	0.19	1.22	2010	4
04/22/2010	5.07	3.81	0.21	1.26	2010	4
04/29/2010	5.06	3.76	0.20	1.30	2010	4
05/06/2010	5.00	3.56	0.20	1.44	2010	5
05/13/2010	4.93	3.54	0.20	1.39	2010	5
05/20/2010	4.84	3.33	0.20	1.51	2010	5
05/27/2010	4.78	3.25	0.20	1.53	2010	5
06/03/2010	4.79	3.31	0.19	1.48	2010	6
06/10/2010	4.72	3.22	0.19	1.50	2010	6
06/17/2010	4.75	3.26	0.18	1.49	2010	6
06/24/2010	4.69	3.17	0.18	1.52	2010	6
07/01/2010	4.58	2.99	0.15	1.59	2010	7
07/08/2010	4.57	3.02	0.18	1.55	2010	7
07/15/2010	4.57	3.05	0.17	1.52	2010	7
07/22/2010	4.56	2.97	0.19	1.59	2010	7
07/29/2010	4.54	3.02	0.19	1.52	2010	7
08/05/2010	4.49	2.94	0.19	1.55	2010	8
08/12/2010	4.44	2.76	0.18	1.68	2010	8
08/19/2010	4.42	2.61	0.19	1.81	2010	8
08/26/2010	4.36	2.56	0.19	1.80	2010	8
09/02/2010	4.32	2.59	0.19	1.73	2010	9
09/09/2010	4.35	2.71	0.19	1.64	2010	9
09/16/2010	4.37	2.74	0.19	1.63	2010	9
09/23/2010	4.37	2.61	0.21	1.76	2010	9
09/30/2010	4.32	2.52	0.20	1.80	2010	9
10/07/2010	4.27	2.45	0.19	1.82	2010	10
10/14/2010	4.19	2.50	0.18	1.69	2010	10
10/21/2010	4.21	2.54	0.19	1.67	2010	10
10/28/2010	4.23	2.67	0.19	1.56	2010	10
11/04/2010	4.24	2.61	0.20	1.63	2010	11
11/11/2010	4.17	2.68	0.18	1.49	2010	11
11/18/2010	4.39	2.89	0.19	1.50	2010	11
11/24/2010	4.40	2.84	0.20	1.56	2010	11
12/02/2010	4.46	2.93	0.20	1.53	2010	12
12/09/2010	4.61	3.18	0.18	1.43	2010	12
12/16/2010	4.83	3.42	0.17	1.41	2010	12
12/23/2010	4.81	3.37	0.20	1.44	2010	12
12/30/2010	4.86	3.38	0.19	1.48	2010	12
01/06/2011	4.77	3.40	0.16	1.37	2011	1
01/13/2011	4.71	3.36	0.17	1.35	2011	1
01/20/2011	4.74	3.42	0.17	1.32	2011	1
01/27/2011	4.80	3.40	0.17	1.40	2011	1
02/03/2011	4.81	3.54	0.17	1.27	2011	2
02/10/2011	5.05	3.68	0.17	1.37	2011	2
02/17/2011	5.00	3.60	0.15	1.40	2011	2
02/24/2011	4.95	3.46	0.15	1.49	2011	2
03/03/2011	4.87	3.47	0.15	1.40	2011	3
03/10/2011	4.88	3.46	0.15	1.42	2011	3
03/17/2011	4.76	3.29	0.14	1.47	2011	3
03/24/2011	4.81	3.38	0.14	1.43	2011	3
03/31/2011	4.86	3.47	0.13	1.39	2011	3
04/07/2011	4.87	3.54	0.10	1.33	2011	4
04/14/2011	4.91	3.51	0.09	1.40	2011	4
04/21/2011	4.80	3.41	0.11	1.39	2011	4
04/28/2011	4.78	3.36	0.10	1.42	2011	4
05/05/2011	4.71	3.24	0.09	1.47	2011	5
05/12/2011	4.63	3.20	0.09	1.43	2011	5
05/19/2011	4.61	3.15	0.09	1.46	2011	5
05/26/2011	4.60	3.10	0.10	1.50	2011	5
06/02/2011	4.55	3.01	0.10	1.54	2011	6
06/09/2011	4.49	3.00	0.10	1.49	2011	6
06/16/2011	4.50	2.99	0.09	1.51	2011	6
06/23/2011	4.50	2.96	0.10	1.54	2011	6
06/30/2011	4.51	3.11	0.08	1.40	2011	6
07/07/2011	4.60	3.12	0.08	1.48	2011	7
07/14/2011	4.51	2.94	0.07	1.57	2011	7
07/21/2011	4.52	2.97	0.06	1.55	2011	7
07/28/2011	4.55	2.97	0.06	1.58	2011	7
08/04/2011	4.39	2.62	0.12	1.77	2011	8
08/11/2011	4.32	2.27	0.09	2.05	2011	8
08/18/2011	4.15	2.17	0.10	1.98	2011	8
08/25/2011	4.22	2.19	0.09	2.03	2011	8
09/01/2011	4.22	2.17	0.09	2.05	2011	9
09/08/2011	4.12	1.99	0.08	2.13	2011	9
09/15/2011	4.09	2.03	0.09	2.06	2011	9
09/22/2011	4.09	1.87	0.09	2.22	2011	9
09/29/2011	4.01	1.97	0.08	2.04	2011	9
10/06/2011	3.94	1.93	0.07	2.01	2011	10
10/13/2011	4.12	2.22	0.07	1.90	2011	10
10/20/2011	4.11	2.20	0.07	1.91	2011	10
10/27/2011	4.10	2.28	0.07	1.82	2011	10
11/03/2011	4.00	2.07	0.08	1.93	2011	11
11/10/2011	3.99	2.05	0.08	1.94	2011	11
11/17/2011	4.00	2.02	0.08	1.98	2011	11
11/23/2011	3.98	1.94	0.08	2.04	2011	11
12/01/2011	4.00	2.04	0.08	1.96	2011	12
12/08/2011	3.99	2.04	0.08	1.95	2011	12
12/15/2011	3.94	1.94	0.07	2.00	2011	12
12/22/2011	3.91	1.95	0.07	1.96	2011	12
12/29/2011	3.95	1.94	0.08	2.01	2011	12
01/05/2012	3.91	1.99	0.05	1.92	2012	1
01/12/2012	3.89	1.95	0.07	1.94	2012	1
01/19/2012	3.88	1.96	0.09	1.92	2012	1
01/26/2012	3.98	2.01	0.09	1.97	2012	1
02/02/2012	3.87	1.88	0.09	1.99	2012	2
02/09/2012	3.87	1.99	0.11	1.88	2012	2
02/16/2012	3.87	1.97	0.12	1.90	2012	2
02/23/2012	3.95	2.01	0.09	1.94	2012	2
03/01/2012	3.90	1.97	0.09	1.93	2012	3
03/08/2012	3.88	2.00	0.11	1.88	2012	3
03/15/2012	3.92	2.21	0.12	1.71	2012	3
03/22/2012	4.08	2.32	0.15	1.76	2012	3
03/29/2012	3.99	2.22	0.14	1.77	2012	3
04/05/2012	3.98	2.21	0.12	1.77	2012	4
04/12/2012	3.88	2.04	0.14	1.84	2012	4
04/19/2012	3.90	2.00	0.15	1.90	2012	4
04/26/2012	3.88	1.98	0.13	1.90	2012	4
05/03/2012	3.84	1.95	0.14	1.89	2012	5
05/10/2012	3.83	1.88	0.16	1.95	2012	5
05/17/2012	3.79	1.74	0.15	2.05	2012	5
05/24/2012	3.78	1.76	0.16	2.02	2012	5
05/31/2012	3.75	1.61	0.15	2.14	2012	5
06/07/2012	3.67	1.61	0.16	2.06	2012	6
06/14/2012	3.71	1.62	0.17	2.09	2012	6
06/21/2012	3.66	1.64	0.17	2.02	2012	6
06/28/2012	3.66	1.64	0.17	2.02	2012	6
07/05/2012	3.62	1.61	0.13	2.01	2012	7
07/12/2012	3.56	1.52	0.17	2.04	2012	7
07/19/2012	3.53	1.52	0.18	2.01	2012	7
07/26/2012	3.49	1.47	0.14	2.02	2012	7
08/02/2012	3.55	1.54	0.14	2.01	2012	8
08/09/2012	3.59	1.65	0.14	1.94	2012	8
08/16/2012	3.62	1.76	0.13	1.86	2012	8
08/23/2012	3.66	1.74	0.13	1.92	2012	8
08/30/2012	3.59	1.63	0.13	1.96	2012	8
09/06/2012	3.55	1.64	0.14	1.91	2012	9
09/13/2012	3.55	1.76	0.15	1.79	2012	9
09/20/2012	3.49	1.81	0.16	1.68	2012	9
09/27/2012	3.40	1.68	0.15	1.72	2012	9
10/04/2012	3.36	1.67	0.13	1.69	2012	10
10/11/2012	3.39	1.71	0.15	1.68	2012	10
10/18/2012	3.37	1.79	0.16	1.58	2012	10
10/25/2012	3.41	1.81	0.16	1.60	2012	10
11/01/2012	3.39	1.74	0.17	1.65	2012	11
11/08/2012	3.40	1.68	0.16	1.72	2012	11
11/15/2012	3.34	1.59	0.16	1.75	2012	11
11/21/2012	3.31	1.67	0.16	1.64	2012	11
11/29/2012	3.32	1.63	0.16	1.69	2012	11
12/06/2012	3.34	1.62	0.16	1.72	2012	12
12/13/2012	3.32	1.69	0.16	1.63	2012	12
12/20/2012	3.37	1.80	0.17	1.57	2012	12
12/27/2012	3.35	1.76	0.17	1.59	2012	12
01/03/2013	3.34	1.87	0.15	1.47	2013	1
01/10/2013	3.40	1.90	0.16	1.50	2013	1
01/17/2013	3.38	1.87	0.14	1.51	2013	1
01/24/2013	3.42	1.90	0.14	1.52	2013	1
01/31/2013	3.53	2.02	0.14	1.51	2013	1
02/07/2013	3.53	2.00	0.14	1.53	2013	2
02/14/2013	3.53	2.01	0.14	1.52	2013	2
02/21/2013	3.56	2.00	0.15	1.56	2013	2
02/28/2013	3.51	1.88	0.15	1.63	2013	2
03/07/2013	3.52	1.96	0.15	1.56	2013	3
03/14/2013	3.63	2.04	0.15	1.59	2013	3
03/21/2013	3.54	1.94	0.16	1.60	2013	3
03/28/2013	3.57	1.90	0.15	1.67	2013	3
04/04/2013	3.54	1.81	0.12	1.73	2013	4
04/11/2013	3.43	1.79	0.15	1.64	2013	4
04/18/2013	3.41	1.73	0.15	1.68	2013	4
04/25/2013	3.40	1.73	0.15	1.67	2013	4
05/02/2013	3.35	1.70	0.13	1.65	2013	5
05/09/2013	3.42	1.83	0.14	1.59	2013	5
05/16/2013	3.51	1.93	0.12	1.58	2013	5
05/23/2013	3.59	1.99	0.10	1.60	2013	5
05/30/2013	3.81	2.14	0.09	1.67	2013	5
06/06/2013	3.91	2.12	0.09	1.79	2013	6
06/13/2013	3.98	2.20	0.09	1.78	2013	6
06/20/2013	3.93	2.33	0.10	1.60	2013	6
06/27/2013	4.46	2.55	0.10	1.91	2013	6
07/03/2013	4.29	2.56	0.09	1.73	2013	7
07/11/2013	4.51	2.64	0.10	1.87	2013	7
07/18/2013	4.37	2.54	0.09	1.83	2013	7
07/25/2013	4.31	2.57	0.09	1.74	2013	7
08/01/2013	4.39	2.64	0.09	1.75	2013	8
08/08/2013	4.40	2.62	0.09	1.78	2013	8
08/15/2013	4.40	2.73	0.08	1.67	2013	8
08/22/2013	4.58	2.86	0.09	1.72	2013	8
08/29/2013	4.51	2.76	0.08	1.75	2013	8
09/05/2013	4.57	2.92	0.08	1.65	2013	9
09/12/2013	4.57	2.92	0.08	1.65	2013	9
09/19/2013	4.50	2.79	0.08	1.71	2013	9
09/26/2013	4.32	2.66	0.08	1.66	2013	9
10/03/2013	4.22	2.64	0.08	1.58	2013	10
10/10/2013	4.23	2.68	0.08	1.55	2013	10
10/17/2013	4.28	2.66	0.10	1.62	2013	10
10/24/2013	4.13	2.55	0.09	1.58	2013	10
10/31/2013	4.10	2.57	0.08	1.53	2013	10
11/07/2013	4.16	2.68	0.08	1.48	2013	11
11/14/2013	4.35	2.74	0.08	1.61	2013	11
11/21/2013	4.22	2.74	0.09	1.48	2013	11
11/27/2013	4.29	2.74	0.09	1.55	2013	11
12/05/2013	4.46	2.84	0.08	1.62	2013	12
12/12/2013	4.42	2.86	0.09	1.56	2013	12
12/19/2013	4.47	2.89	0.09	1.58	2013	12
12/26/2013	4.48	2.99	0.09	1.49	2013	12
01/02/2014	4.53	3.01	0.08	1.52	2014	1
01/09/2014	4.51	2.96	0.08	1.55	2014	1
01/16/2014	4.41	2.86	0.07	1.55	2014	1
01/23/2014	4.39	2.82	0.07	1.57	2014	1
01/30/2014	4.32	2.73	0.07	1.59	2014	1
02/06/2014	4.23	2.68	0.07	1.55	2014	2
02/13/2014	4.28	2.75	0.06	1.53	2014	2
02/20/2014	4.33	2.73	0.06	1.60	2014	2
02/27/2014	4.37	2.69	0.07	1.68	2014	2
03/06/2014	4.28	2.71	0.07	1.57	2014	3
03/13/2014	4.37	2.72	0.08	1.65	2014	3
03/20/2014	4.32	2.74	0.08	1.58	2014	3
03/27/2014	4.40	2.72	0.08	1.68	2014	3
04/03/2014	4.41	2.77	0.08	1.64	2014	4
04/10/2014	4.34	2.68	0.08	1.66	2014	4
04/17/2014	4.27	2.67	0.09	1.60	2014	4
04/24/2014	4.33	2.71	0.10	1.62	2014	4
05/01/2014	4.29	2.66	0.09	1.63	2014	5
05/08/2014	4.21	2.62	0.09	1.59	2014	5
05/15/2014	4.20	2.57	0.08	1.63	2014	5
05/22/2014	4.14	2.54	0.09	1.60	2014	5
05/29/2014	4.12	2.47	0.09	1.65	2014	5
06/05/2014	4.14	2.59	0.09	1.55	2014	6
06/12/2014	4.20	2.62	0.09	1.58	2014	6
06/19/2014	4.17	2.63	0.10	1.54	2014	6
06/26/2014	4.14	2.57	0.10	1.57	2014	6
07/03/2014	4.12	2.60	0.10	1.52	2014	7
07/10/2014	4.15	2.57	0.09	1.58	2014	7
07/17/2014	4.13	2.53	0.09	1.60	2014	7
07/24/2014	4.13	2.49	0.09	1.64	2014	7
07/31/2014	4.12	2.53	0.09	1.59	2014	7
08/07/2014	4.14	2.47	0.09	1.67	2014	8
08/14/2014	4.12	2.41	0.09	1.71	2014	8
08/21/2014	4.10	2.41	0.09	1.69	2014	8
08/28/2014	4.10	2.37	0.09	1.73	2014	8
09/04/2014	4.10	2.44	0.08	1.66	2014	9
09/11/2014	4.12	2.54	0.09	1.58	2014	9
09/18/2014	4.23	2.61	0.09	1.62	2014	9
09/25/2014	4.20	2.55	0.09	1.65	2014	9
10/02/2014	4.19	2.47	0.09	1.72	2014	10
10/09/2014	4.12	2.36	0.09	1.76	2014	10
10/16/2014	3.97	2.19	0.09	1.78	2014	10
10/23/2014	3.92	2.25	0.09	1.67	2014	10
10/30/2014	3.98	2.32	0.09	1.66	2014	10
11/06/2014	4.02	2.36	0.08	1.66	2014	11
11/13/2014	4.01	2.36	0.09	1.65	2014	11
11/20/2014	3.99	2.33	0.10	1.66	2014	11
11/26/2014	3.97	2.25	0.10	1.72	2014	11
12/04/2014	3.89	2.27	0.10	1.62	2014	12
12/11/2014	3.93	2.19	0.12	1.74	2014	12
12/18/2014	3.80	2.14	0.12	1.66	2014	12
12/24/2014	3.83	2.24	0.13	1.59	2014	12
12/31/2014	3.87	2.18	0.12	1.69	2014	12
01/08/2015	3.73	2.00	0.11	1.73	2015	1
01/15/2015	3.66	1.86	0.12	1.80	2015	1
01/22/2015	3.63	1.85	0.13	1.78	2015	1
01/29/2015	3.66	1.77	0.12	1.89	2015	1
02/05/2015	3.59	1.81	0.09	1.78	2015	2
02/12/2015	3.69	2.00	0.12	1.69	2015	2
02/19/2015	3.76	2.11	0.12	1.65	2015	2
02/26/2015	3.80	2.01	0.12	1.79	2015	2
03/05/2015	3.75	2.13	0.09	1.62	2015	3
03/12/2015	3.86	2.14	0.12	1.72	2015	3
03/19/2015	3.78	2.00	0.11	1.78	2015	3
03/26/2015	3.69	1.94	0.12	1.75	2015	3
04/02/2015	3.70	1.91	0.11	1.79	2015	4
04/09/2015	3.66	1.93	0.12	1.73	2015	4
04/16/2015	3.67	1.90	0.12	1.77	2015	4
04/23/2015	3.65	1.94	0.13	1.71	2015	4
04/30/2015	3.68	2.03	0.13	1.65	2015	4
05/07/2015	3.80	2.19	0.12	1.61	2015	5
05/14/2015	3.85	2.24	0.13	1.61	2015	5
05/21/2015	3.84	2.23	0.13	1.61	2015	5
05/28/2015	3.87	2.13	0.13	1.74	2015	5
06/04/2015	3.87	2.31	0.10	1.56	2015	6
06/11/2015	4.04	2.42	0.13	1.62	2015	6
06/18/2015	4.00	2.32	0.13	1.68	2015	6
06/25/2015	4.02	2.41	0.13	1.61	2015	6
07/02/2015	4.08	2.38	0.12	1.70	2015	7
07/09/2015	4.04	2.31	0.13	1.73	2015	7
07/16/2015	4.09	2.38	0.13	1.71	2015	7
07/23/2015	4.04	2.32	0.13	1.72	2015	7
07/30/2015	3.98	2.25	0.13	1.73	2015	7
08/06/2015	3.91	2.22	0.11	1.69	2015	8
08/13/2015	3.94	2.18	0.14	1.76	2015	8
08/20/2015	3.93	2.12	0.15	1.81	2015	8
08/27/2015	3.84	2.14	0.15	1.70	2015	8
09/03/2015	3.89	2.18	0.13	1.71	2015	9
09/10/2015	3.90	2.21	0.14	1.69	2015	9
09/17/2015	3.91	2.22	0.14	1.69	2015	9
09/24/2015	3.86	2.16	0.14	1.70	2015	9
10/01/2015	3.85	2.05	0.12	1.80	2015	10
10/08/2015	3.76	2.09	0.13	1.67	2015	10
10/15/2015	3.82	2.03	0.13	1.79	2015	10
10/22/2015	3.79	2.06	0.13	1.73	2015	10
10/29/2015	3.76	2.11	0.12	1.65	2015	10
11/05/2015	3.87	2.26	0.10	1.61	2015	11
11/12/2015	3.98	2.32	0.12	1.66	2015	11
11/19/2015	3.97	2.26	0.12	1.71	2015	11
11/25/2015	3.95	2.24	0.12	1.71	2015	11
12/03/2015	3.93	2.23	0.12	1.70	2015	12
12/10/2015	3.95	2.21	0.13	1.74	2015	12
12/17/2015	3.97	2.25	0.14	1.72	2015	12
12/24/2015	3.96	2.24	0.37	1.72	2015	12
12/31/2015	4.01	2.29	0.36	1.72	2015	12
01/07/2016	3.97	2.19	0.27	1.78	2016	1
01/14/2016	3.92	2.10	0.36	1.82	2016	1
01/21/2016	3.81	2.04	0.36	1.77	2016	1
01/28/2016	3.79	2.00	0.38	1.79	2016	1
02/04/2016	3.72	1.89	0.34	1.83	2016	2
02/11/2016	3.65	1.71	0.38	1.94	2016	2
02/18/2016	3.65	1.78	0.38	1.87	2016	2
02/25/2016	3.62	1.75	0.38	1.87	2016	2
03/03/2016	3.64	1.82	0.36	1.82	2016	3
03/10/2016	3.68	1.91	0.36	1.77	2016	3
03/17/2016	3.73	1.93	0.36	1.80	2016	3
03/24/2016	3.71	1.91	0.37	1.80	2016	3
03/31/2016	3.71	1.82	0.37	1.89	2016	3
4/7/2016	3.59	1.74	0.35	1.85	2016	4
4/14/2016	3.58	1.77	0.37	1.81	2016	4
4/21/2016	3.59	1.84	0.37	1.75	2016	4
4/28/2016	3.66	1.88	0.37	1.78	2016	4
5/5/2016	3.61	1.81	0.34	1.80	2016	5
5/12/2016	3.57	1.75	0.37	1.82	2016	5
5/19/2016	3.58	1.82	0.37	1.76	2016	5
5/26/2016	3.64	1.85	0.37	1.79	2016	5
6/2/2016	3.66	1.80	0.36	1.86	2016	6
6/9/2016	3.6	1.70	0.37	1.90	2016	6
6/16/2016	3.54	1.61	0.37	1.93	2016	6
6/23/2016	3.56			3.56	2016	6
