date	starts	err	down	up	month	mname	hmi				
01/01/2000	1636.00	3	1555.27	1716.73	1	Jan	69				
02/01/2000	1737.00	3	1651.29	1822.71	2	Feb	68				
03/01/2000	1604.00	3	1524.85	1683.15	3	Mar	64				
04/01/2000	1626.00	3	1545.76	1706.24	4	Apr	63				
05/01/2000	1575.00	3	1497.28	1652.72	5	May	63				
06/01/2000	1559.00	3	1482.07	1635.93	6	Jun	58				
07/01/2000	1463.00	3	1390.81	1535.19	7	Jul	59				
08/01/2000	1541.00	3	1464.96	1617.04	8	Aug	60				
09/01/2000	1507.00	3	1432.64	1581.36	9	Sep	60				
10/01/2000	1549.00	3	1472.56	1625.44	10	Oct	62				
11/01/2000	1551.00	3	1474.46	1627.54	11	Nov	63				
12/01/2000	1532.00	3	1456.40	1607.60	12	Dec	57				
01/01/2001	1600.00	3	1521.05	1678.95	1	Jan	52				
02/01/2001	1625.00	3	1544.81	1705.19	2	Feb	58				
03/01/2001	1590.00	3	1511.54	1668.46	3	Mar	60				
04/01/2001	1649.00	3	1567.63	1730.37	4	Apr	59				
05/01/2001	1605.00	3	1525.80	1684.20	5	May	58				
06/01/2001	1636.00	3	1555.27	1716.73	6	Jun	59				
07/01/2001	1670.00	3	1587.59	1752.41	7	Jul	57				
08/01/2001	1567.00	3	1489.68	1644.32	8	Aug	59				
09/01/2001	1562.00	3	1484.92	1639.08	9	Sep	55				
10/01/2001	1540.00	3	1464.01	1615.99	10	Oct	46				
11/01/2001	1602.00	3	1522.95	1681.05	11	Nov	48				
12/01/2001	1568.00	3	1490.63	1645.37	12	Dec	55				
01/01/2002	1698.00	3	1614.21	1781.79	1	Jan	58				
02/01/2002	1829.00	3	1738.75	1919.25	2	Feb	58				
03/01/2002	1642.00	3	1560.97	1723.03	3	Mar	62				
04/01/2002	1592.00	3	1513.44	1670.56	4	Apr	61				
05/01/2002	1764.00	3	1676.95	1851.05	5	May	61				
06/01/2002	1717.00	3	1632.27	1801.73	6	Jun	61				
07/01/2002	1655.00	3	1573.33	1736.67	7	Jul	61				
08/01/2002	1633.00	3	1552.42	1713.58	8	Aug	55				
09/01/2002	1804.00	3	1714.98	1893.02	9	Sep	63				
10/01/2002	1648.00	3	1566.68	1729.32	10	Oct	61				
11/01/2002	1753.00	3	1666.50	1839.50	11	Nov	62				
12/01/2002	1788.00	3	1699.77	1876.23	12	Dec	63				
01/01/2003	1853.00	3	1761.56	1944.44	1	Jan	62				
02/01/2003	1629.00	3	1548.62	1709.38	2	Feb	63				
03/01/2003	1726.00	3	1640.83	1811.17	3	Mar	56				
04/01/2003	1643.00	3	1561.93	1724.07	4	Apr	55				
05/01/2003	1751.00	3	1664.60	1837.40	5	May	60				
06/01/2003	1867.00	3	1774.87	1959.13	6	Jun	63				
07/01/2003	1897.00	3	1803.39	1990.61	7	Jul	65				
08/01/2003	1833.00	3	1742.55	1923.45	8	Aug	67				
09/01/2003	1939.00	3	1843.32	2034.68	9	Sep	67				
10/01/2003	1967.00	3	1869.94	2064.06	10	Oct	69				
11/01/2003	2083.00	3	1980.21	2185.79	11	Nov	68				
12/01/2003	2057.00	3	1955.50	2158.50	12	Dec	69				
01/01/2004	1911.00	3	1816.70	2005.30	1	Jan	68				
02/01/2004	1846.00	3	1754.91	1937.09	2	Feb	66				
03/01/2004	1998.00	3	1899.41	2096.59	3	Mar	66				
04/01/2004	2003.00	3	1904.16	2101.84	4	Apr	69				
05/01/2004	1981.00	3	1883.25	2078.75	5	May	69				
06/01/2004	1828.00	3	1737.80	1918.20	6	Jun	68				
07/01/2004	2002.00	3	1903.21	2100.79	7	Jul	67				
08/01/2004	2024.00	3	1924.12	2123.88	8	Aug	70				
09/01/2004	1905.00	3	1811.00	1999.00	9	Sep	67				
10/01/2004	2072.00	3	1969.76	2174.24	10	Oct	69				
11/01/2004	1782.00	3	1694.07	1869.93	11	Nov	70				
12/01/2004	2042.00	3	1941.24	2142.76	12	Dec	71				
01/01/2005	2144.00	3	2038.20	2249.80	1	Jan	70				
02/01/2005	2207.00	3	2098.09	2315.91	2	Feb	69				
03/01/2005	1864.00	3	1772.02	1955.98	3	Mar	70				
04/01/2005	2061.00	4	1925.40	2196.60	4	Apr	67				
05/01/2005	2025.00	3	1925.08	2124.92	5	May	70				
06/01/2005	2068.00	3	1965.95	2170.05	6	Jun	72				
07/01/2005	2054.00	3	1952.64	2155.36	7	Jul	70				
08/01/2005	2095.00	3	1991.62	2198.38	8	Aug	67				
09/01/2005	2151.00	3	2044.86	2257.14	9	Sep	65				
10/01/2005	2065.00	3	1963.10	2166.90	10	Oct	68				
11/01/2005	2147.00	3	2041.05	2252.95	11	Nov	61				
12/01/2005	1994.00	3	1895.60	2092.40	12	Dec	57				
01/01/2006	2273.00	3	2160.84	2385.16	1	Jan	57				
02/01/2006	2119.00	3	2014.44	2223.56	2	Feb	56				
03/01/2006	1969.00	4	1839.45	2098.55	3	Mar	54				
04/01/2006	1821.00	4	1701.19	1940.81	4	Apr	51				
05/01/2006	1942.00	3	1846.17	2037.83	5	May	46				
06/01/2006	1802.00	3	1713.08	1890.92	6	Jun	42				
07/01/2006	1737.00	3	1651.29	1822.71	7	Jul	39				
08/01/2006	1650.00	3	1568.58	1731.42	8	Aug	33				
09/01/2006	1720.00	4	1606.83	1833.17	9	Sep	30				
10/01/2006	1491.00	4	1392.90	1589.10	10	Oct	31				
11/01/2006	1570.00	4	1466.70	1673.30	11	Nov	33				
12/01/2006	1649.00	4	1540.51	1757.49	12	Dec	33				
01/01/2007	1409.00	4	1316.30	1501.70	1	Jan	35				
02/01/2007	1480.00	4	1382.62	1577.38	2	Feb	39				
03/01/2007	1495.00	4	1396.64	1593.36	3	Mar	36				
04/01/2007	1490.00	4	1391.97	1588.03	4	Apr	33				
05/01/2007	1415.00	4	1321.90	1508.10	5	May	30				
06/01/2007	1448.00	4	1352.73	1543.27	6	Jun	28				
07/01/2007	1354.00	3	1287.19	1420.81	7	Jul	24				
08/01/2007	1330.00	3	1264.37	1395.63	8	Aug	22				
09/01/2007	1183.00	4	1105.17	1260.83	9	Sep	20				
10/01/2007	1264.00	4	1180.84	1347.16	10	Oct	19				
11/01/2007	1197.00	4	1118.24	1275.76	11	Nov	19				
12/01/2007	1037.00	4	968.77	1105.23	12	Dec	18				
01/01/2008	1084.00	4	1012.68	1155.32	1	Jan	19				
02/01/2008	1103.00	5	1012.29	1193.71	2	Feb	20				
03/01/2008	1005.00	5	922.35	1087.65	3	Mar	20				
04/01/2008	1013.00	5	929.69	1096.31	4	Apr	20				
05/01/2008	973.00	5	892.98	1053.02	5	May	19				
06/01/2008	1046.00	4	977.18	1114.82	6	Jun	18				
07/01/2008	923.00	4	862.27	983.73	7	Jul	16				
08/01/2008	844.00	4	788.47	899.53	8	Aug	16				
09/01/2008	820.00	5	752.56	887.44	9	Sep	17				
10/01/2008	777.00	5	713.10	840.90	10	Oct	14				
11/01/2008	652.00	5	598.38	705.62	11	Nov	9				
12/01/2008	560.00	6	504.73	615.27	12	Dec	9				
01/01/2009	490.00	6	441.64	538.36	1	Jan	8				
02/01/2009	582.00	6	524.56	639.44	2	Feb	9				
03/01/2009	505.00	6	455.16	554.84	3	Mar	9				
04/01/2009	478.00	5	438.69	517.31	4	Apr	14				
05/01/2009	540.00	5	495.59	584.41	5	May	16				
06/01/2009	585.00	5	536.89	633.11	6	Jun	15				
07/01/2009	594.00	5	545.15	642.85	7	Jul	17				
08/01/2009	586.00	4	547.44	624.56	8	Aug	18				
09/01/2009	585.00	4	546.51	623.49	9	Sep	19				
10/01/2009	534.00	4	498.87	569.13	10	Oct	17				
11/01/2009	588.00	4	549.31	626.69	11	Nov	17				
12/01/2009	581.00	4	542.77	619.23	12	Dec	16				
01/01/2010	614.00	4	573.60	654.40	1	Jan	15				
02/01/2010	604.00	5	554.33	653.67	2	Feb	17				
03/01/2010	636.00	5	583.69	688.31	3	Mar	15				
04/01/2010	687.00	5	630.50	743.50	4	Apr	19				
05/01/2010	583.00	5	535.05	630.95	5	May	22				
06/01/2010	536.00	5	491.92	580.08	6	Jun	16				
07/01/2010	546.00	5	501.10	590.90	7	Jul	14				
08/01/2010	599.00	5	549.74	648.26	8	Aug	13				
09/01/2010	594.00	5	545.15	642.85	9	Sep	13				
10/01/2010	543.00	5	498.34	587.66	10	Oct	15				
11/01/2010	545.00	5	500.18	589.82	11	Nov	16				
12/01/2010	539.00	5	494.67	583.33	12	Dec	16				
01/01/2011	630.00	6	567.82	692.18	1	Jan	16				
02/01/2011	517.00	6	465.98	568.02	2	Feb	16				
03/01/2011	600.00	6	540.79	659.21	3	Mar	17				
04/01/2011	554.00	6	499.33	608.67	4	Apr	16				
05/01/2011	561.00	5	514.86	607.14	5	May	16				
06/01/2011	608.00	5	558.00	658.00	6	Jun	13				
07/01/2011	623.00	5	571.76	674.24	7	Jul	15				
08/01/2011	585.00	5	536.89	633.11	8	Aug	15				
09/01/2011	650.00	5	596.54	703.46	9	Sep	14				
10/01/2011	610.00	5	559.83	660.17	10	Oct	17				
11/01/2011	711.00	5	652.53	769.47	11	Nov	19				
12/01/2011	694.00	5	636.92	751.08	12	Dec	21				
01/01/2012	723.00	5	663.54	782.46	1	Jan	25				
02/01/2012	704.00	6	634.52	773.48	2	Feb	28				
03/01/2012	695.00	6	626.41	763.59	3	Mar	28				
04/01/2012	753.00	6	678.69	827.31	4	Apr	24				
05/01/2012	708.00	5	649.77	766.23	5	May	28				
06/01/2012	757.00	6	682.29	831.71	6	Jun	29				
07/01/2012	740.00	5	679.14	800.86	7	Jul	35				
08/01/2012	754.00	5	691.99	816.01	8	Aug	37				
09/01/2012	847.00	5	777.34	916.66	9	Sep	40				
10/01/2012	915.00	5	839.75	990.25	10	Oct	41				
11/01/2012	833.00	5	764.49	901.51	11	Nov	45				
12/01/2012	976.00	5	895.73	1056.27	12	Dec	47				
01/01/2013	888.00	5	814.97	961.03	1	Jan	47				
02/01/2013	970.00	5	890.22	1049.78	2	Feb	46				
03/01/2013	999.00	5	916.84	1081.16	3	Mar	44				
04/01/2013	826.00	4	771.65	880.35	4	Apr	41				
05/01/2013	920.00	4	859.47	980.53	5	May	44				
06/01/2013	852.00	4	795.94	908.06	6	Jun	51				
07/01/2013	891.00	5	817.72	964.28	7	Jul	56				
08/01/2013	898.00	5	824.15	971.85	8	Aug	58				
09/01/2013	860.00	5	789.27	930.73	9	Sep	57				
10/01/2013	921.00	6	830.11	1011.89	10	Oct	54				
11/01/2013	1104.00	6	995.04	1212.96	11	Nov	54				
12/01/2013	1010.00	6	910.32	1109.68	12	Dec	57				
01/01/2014	902.00	6	812.98	991.02	1	Jan	56				
02/01/2014	948.00	6	854.44	1041.56	2	Feb	46				
03/01/2014	973.00	5	892.98	1053.02	3	Mar	46				
04/01/2014	1038.00	5	952.63	1123.37	4	Apr	46				
05/01/2014	987.00	5	905.83	1068.17	5	May	45				
06/01/2014	928.00	5	851.68	1004.32	6	Jun	49				
07/01/2014	1085.00	5	995.77	1174.23	7	Jul	53				
08/01/2014	984.00	5	903.07	1064.93	8	Aug	55				
09/01/2014	999.00	5	916.84	1081.16	9	Sep	59				
10/01/2014	1094.00	5	1004.03	1183.97	10	Oct	54				
11/01/2014	994.00	5	912.25	1075.75	11	Nov	58				
12/01/2014	1081.00	5	992.10	1169.90	12	Dec	58				
01/01/2015	1101.00	5	1010.45	1191.55	1	Jan	57				
02/01/2015	887.00	5	814.05	959.95	2	Feb	55				
03/01/2015	974.00	5	893.90	1054.10	3	Mar	52				
04/01/2015	1200.00	6	1081.57	1318.43	4	Apr	56				
05/01/2015	1066.00	6	960.80	1171.20	5	May	54				
06/01/2015	1201.00	6	1082.47	1319.53	6	Jun	60				
07/01/2015	1140.00	6	1027.49	1252.51	7	Jul	60				
08/01/2015	1134.00	6	1022.08	1245.92	8	Aug	61				
09/01/2015	1209.00	6	1089.68	1328.32	9	Sep	61				
10/01/2015	1059.00	6	954.49	1163.51	10	Oct	65				
11/01/2015	1176.00	6	1059.94	1292.06	11	Nov	62				
12/01/2015	1138.00	5	1044.41	1231.59	12	Dec	60				
01/01/2016	1123.00	6	1012.17	1233.83	1	Jan	61				
02/01/2016	1209.00	6	1089.68	1328.32	2	Feb	58				
3/1/2016	1128.00	5	1035.23	1220.77	3	Mar	58				
4/1/2016	1164.00	5	1068.27	1259.73	4	Apr	58				
5/1/2016	1119.00	6	1008.56	1229.44	5	May	58				
6/1/2016	1190.00	5	1092.13	1287.87	6	Jun	60				
7/1/2016	1223.00	5	1122.42	1323.58	7	July	58				
8/1/2016	1164.00	5	1068.27	1259.73	8	Aug	59				
9/1/2016	1062.00	5	974.66	1149.34	9	Sep	65				
10/1/2016	1328.00	5	1218.78	1437.22	10	Oct	63				
11/1/2016	1149.00	5	1054.50	1243.50	11	Nov	63				
12/1/2016	1268.00	5	1163.72	1372.28	12	Dec	69				
1/1/2017	1236.00	5	1134.35	1337.65	1	Jan	67				
2/1/2017	1288.00	5	1182.07	1393.93	2	Feb					
3/1/2017	1189.00	5	1091.21	1286.79	3	Mar					
4/1/2017	1154.00	4	1078.07	1229.93	4	Apr					
5/1/2017	1129.00	5	1036.15	1221.85	5	May					
6/1/2017	1217.00	5	1116.91	1317.09	6	Jun					
7/1/2017	1190.00	5	1092.13	1287.87	7	Jul					
8/1/2017	1180.00	5	1082.95	1277.05	8	Aug					
