date	starts	pop	st.pop	month	year
1/1/1959	1657	114582	0.014461259	1	1959
2/1/1959	1667	114712	0.014532045	2	1959
3/1/1959	1620	114849	0.014105478	3	1959
4/1/1959	1590	114986	0.01382777	4	1959
5/1/1959	1498	115144	0.013009796	5	1959
6/1/1959	1503	115287	0.013037029	6	1959
7/1/1959	1547	115429	0.013402178	7	1959
8/1/1959	1430	115555	0.012375059	8	1959
9/1/1959	1540	115668	0.013313968	9	1959
10/1/1959	1355	115798	0.011701411	10	1959
11/1/1959	1416	115916	0.012215742	11	1959
12/1/1959	1601	116040	0.013796967	12	1959
1/1/1960	1460	116594	0.012522085	1	1960
2/1/1960	1503	116702	0.012878957	2	1960
3/1/1960	1109	116827	0.009492669	3	1960
4/1/1960	1289	116910	0.011025575	4	1960
5/1/1960	1271	117033	0.010860185	5	1960
6/1/1960	1247	117167	0.010642928	6	1960
7/1/1960	1197	117281	0.010206257	7	1960
8/1/1960	1344	117431	0.011445019	8	1960
9/1/1960	1097	117521	0.009334502	9	1960
10/1/1960	1246	117643	0.010591365	10	1960
11/1/1960	1246	117829	0.010574646	11	1960
12/1/1960	1063	118001	0.009008398	12	1960
1/1/1961	1183	118155	0.010012272	1	1961
2/1/1961	1226	118250	0.010367865	2	1961
3/1/1961	1312	118358	0.011085013	3	1961
4/1/1961	1166	118503	0.009839413	4	1961
5/1/1961	1228	118638	0.010350815	5	1961
6/1/1961	1382	118767	0.011636229	6	1961
7/1/1961	1335	118889	0.011228961	7	1961
8/1/1961	1312	119006	0.011024654	8	1961
9/1/1961	1429	119107	0.011997616	9	1961
10/1/1961	1415	119202	0.011870606	10	1961
11/1/1961	1385	119153	0.011623711	11	1961
12/1/1961	1365	119214	0.011449997	12	1961
1/1/1962	1361	119300	0.011408215	1	1962
2/1/1962	1278	119360	0.010707105	2	1962
3/1/1962	1443	119476	0.012077739	3	1962
4/1/1962	1524	119702	0.012731617	4	1962
5/1/1962	1483	119813	0.012377622	5	1962
6/1/1962	1404	119943	0.01170556	6	1962
7/1/1962	1450	120128	0.012070458	7	1962
8/1/1962	1517	120323	0.012607731	8	1962
9/1/1962	1324	120653	0.010973619	9	1962
10/1/1962	1533	120856	0.012684517	10	1962
11/1/1962	1622	121045	0.013399975	11	1962
12/1/1962	1564	121236	0.012900459	12	1962
1/1/1963	1244	121463	0.010241802	1	1963
2/1/1963	1456	121633	0.011970436	2	1963
3/1/1963	1534	121824	0.012591936	3	1963
4/1/1963	1689	121986	0.013845851	4	1963
5/1/1963	1641	122162	0.013432982	5	1963
6/1/1963	1588	122352	0.012978946	6	1963
7/1/1963	1614	122521	0.013173252	7	1963
8/1/1963	1639	122667	0.013361377	8	1963
9/1/1963	1763	122821	0.014354223	9	1963
10/1/1963	1779	123014	0.014461769	10	1963
11/1/1963	1622	123192	0.013166439	11	1963
12/1/1963	1491	123360	0.012086576	12	1963
1/1/1964	1603	123560	0.012973454	1	1964
2/1/1964	1820	123707	0.014712183	2	1964
3/1/1964	1517	123857	0.012247996	3	1964
4/1/1964	1448	124019	0.01167563	4	1964
5/1/1964	1467	124204	0.011811214	5	1964
6/1/1964	1550	124386	0.012461209	6	1964
7/1/1964	1562	124567	0.012539437	7	1964
8/1/1964	1569	124731	0.01257907	8	1964
9/1/1964	1455	124920	0.011647454	9	1964
10/1/1964	1524	125108	0.012181475	10	1964
11/1/1964	1486	125291	0.011860389	11	1964
12/1/1964	1484	125468	0.011827717	12	1964
1/1/1965	1361	125647	0.010831934	1	1965
2/1/1965	1433	125810	0.011390192	2	1965
3/1/1965	1423	125985	0.011294995	3	1965
4/1/1965	1438	126155	0.011398676	4	1965
5/1/1965	1478	126320	0.011700443	5	1965
6/1/1965	1488	126499	0.011762939	6	1965
7/1/1965	1529	126573	0.012079985	7	1965
8/1/1965	1432	126756	0.011297296	8	1965
9/1/1965	1482	126906	0.011677935	9	1965
10/1/1965	1452	127043	0.011429201	10	1965
11/1/1965	1460	127171	0.011480605	11	1965
12/1/1965	1656	127294	0.013009254	12	1965
1/1/1966	1370	127394	0.010754039	1	1966
2/1/1966	1378	127514	0.010806657	2	1966
3/1/1966	1394	127626	0.010922539	3	1966
4/1/1966	1352	127744	0.010583667	4	1966
5/1/1966	1265	127879	0.009892164	5	1966
6/1/1966	1194	127983	0.009329364	6	1966
7/1/1966	1086	128102	0.008477619	7	1966
8/1/1966	1119	128240	0.008725827	8	1966
9/1/1966	1046	128359	0.00814902	9	1966
10/1/1966	843	128494	0.006560618	10	1966
11/1/1966	961	128627	0.007471215	11	1966
12/1/1966	990	128730	0.007690515	12	1966
1/1/1967	1067	128909	0.008277157	1	1967
2/1/1967	1123	129032	0.008703267	2	1967
3/1/1967	1056	129190	0.008174007	3	1967
4/1/1967	1091	129344	0.008434871	4	1967
5/1/1967	1304	129515	0.010068332	5	1967
6/1/1967	1248	129722	0.009620573	6	1967
7/1/1967	1364	129918	0.01049893	7	1967
8/1/1967	1407	130187	0.010807531	8	1967
9/1/1967	1421	130392	0.010897908	9	1967
10/1/1967	1491	130582	0.011418113	10	1967
11/1/1967	1538	130754	0.011762546	11	1967
12/1/1967	1308	130936	0.009989613	12	1967
1/1/1968	1380	131112	0.010525352	1	1968
2/1/1968	1520	131277	0.011578571	2	1968
3/1/1968	1466	131412	0.011155754	3	1968
4/1/1968	1554	131553	0.011812729	4	1968
5/1/1968	1408	131712	0.01068999	5	1968
6/1/1968	1405	131872	0.010654271	6	1968
7/1/1968	1512	132053	0.011449948	7	1968
8/1/1968	1495	132251	0.011304262	8	1968
9/1/1968	1556	132446	0.011748184	9	1968
10/1/1968	1569	132617	0.011831062	10	1968
11/1/1968	1630	132903	0.012264584	11	1968
12/1/1968	1548	133120	0.011628606	12	1968
1/1/1969	1769	133324	0.013268429	1	1969
2/1/1969	1705	133465	0.012774885	2	1969
3/1/1969	1561	133639	0.011680722	3	1969
4/1/1969	1524	133821	0.011388347	4	1969
5/1/1969	1583	134027	0.011811053	5	1969
6/1/1969	1528	134213	0.011384888	6	1969
7/1/1969	1368	134414	0.010177511	7	1969
8/1/1969	1358	134597	0.010089378	8	1969
9/1/1969	1507	134774	0.011181682	9	1969
10/1/1969	1381	135012	0.01022872	10	1969
11/1/1969	1229	135239	0.009087615	11	1969
12/1/1969	1327	135489	0.009794153	12	1969
1/1/1970	1085	135713	0.007994813	1	1970
2/1/1970	1305	135957	0.009598623	2	1970
3/1/1970	1319	136179	0.009685781	3	1970
4/1/1970	1264	136416	0.009265775	4	1970
5/1/1970	1290	136686	0.009437689	5	1970
6/1/1970	1385	136928	0.010114805	6	1970
7/1/1970	1517	137196	0.011057174	7	1970
8/1/1970	1399	137455	0.010177876	8	1970
9/1/1970	1534	137717	0.011138785	9	1970
10/1/1970	1580	137988	0.011450271	10	1970
11/1/1970	1647	138264	0.011911994	11	1970
12/1/1970	1893	138529	0.013665009	12	1970
1/1/1971	1828	138795	0.013170503	1	1971
2/1/1971	1741	139021	0.012523288	2	1971
3/1/1971	1910	139285	0.013712891	3	1971
4/1/1971	1986	139566	0.014229827	4	1971
5/1/1971	2049	139826	0.014653927	5	1971
6/1/1971	2026	140090	0.014462131	6	1971
7/1/1971	2083	140343	0.014842208	7	1971
8/1/1971	2158	140596	0.015348943	8	1971
9/1/1971	2041	140869	0.014488638	9	1971
10/1/1971	2128	141146	0.015076587	10	1971
11/1/1971	2182	141393	0.015432164	11	1971
12/1/1971	2295	141666	0.016200076	12	1971
1/1/1972	2494	142736	0.017472817	1	1972
2/1/1972	2390	143017	0.0167113	2	1972
3/1/1972	2334	143263	0.016291715	3	1972
4/1/1972	2249	143483	0.015674331	4	1972
5/1/1972	2221	143760	0.01544936	5	1972
6/1/1972	2254	144033	0.015649192	6	1972
7/1/1972	2252	144285	0.015607998	7	1972
8/1/1972	2382	144522	0.01648192	8	1972
9/1/1972	2481	144761	0.017138594	9	1972
10/1/1972	2485	144988	0.017139349	10	1972
11/1/1972	2421	145211	0.016672291	11	1972
12/1/1972	2366	145446	0.016267206	12	1972
1/1/1973	2481	145720	0.017025803	1	1973
2/1/1973	2289	145943	0.015684205	2	1973
3/1/1973	2365	146230	0.016173152	3	1973
4/1/1973	2084	146459	0.014229238	4	1973
5/1/1973	2266	146719	0.015444489	5	1973
6/1/1973	2067	146981	0.014063042	6	1973
7/1/1973	2123	147233	0.014419322	7	1973
8/1/1973	2051	147471	0.013907819	8	1973
9/1/1973	1874	147731	0.012685218	9	1973
10/1/1973	1677	147980	0.011332613	10	1973
11/1/1973	1724	148219	0.011631437	11	1973
12/1/1973	1526	148479	0.010277548	12	1973
1/1/1974	1451	148753	0.009754425	1	1974
2/1/1974	1752	148982	0.01175981	2	1974
3/1/1974	1555	149225	0.010420506	3	1974
4/1/1974	1607	149478	0.010750746	4	1974
5/1/1974	1426	149750	0.009522538	5	1974
6/1/1974	1513	150012	0.01008586	6	1974
7/1/1974	1316	150248	0.008758852	7	1974
8/1/1974	1142	150493	0.007588393	8	1974
9/1/1974	1150	150753	0.007628372	9	1974
10/1/1974	1070	151009	0.00708567	10	1974
11/1/1974	1026	151256	0.006783202	11	1974
12/1/1974	975	151494	0.006435898	12	1974
1/1/1975	1032	151755	0.006800435	1	1975
2/1/1975	904	151990	0.00594776	2	1975
3/1/1975	993	152217	0.006523581	3	1975
4/1/1975	1005	152443	0.006592628	4	1975
5/1/1975	1121	152704	0.007341	5	1975
6/1/1975	1087	152976	0.00710569	6	1975
7/1/1975	1226	153309	0.007996921	7	1975
8/1/1975	1260	153580	0.008204193	8	1975
9/1/1975	1264	153848	0.008215901	9	1975
10/1/1975	1344	154082	0.008722628	10	1975
11/1/1975	1360	154338	0.008811829	11	1975
12/1/1975	1321	154589	0.008545239	12	1975
1/1/1976	1367	154853	0.008827727	1	1976
2/1/1976	1538	155066	0.009918357	2	1976
3/1/1976	1421	155306	0.009149679	3	1976
4/1/1976	1395	155529	0.008969388	4	1976
5/1/1976	1459	155765	0.009366674	5	1976
6/1/1976	1495	156027	0.009581675	6	1976
7/1/1976	1401	156276	0.008964908	7	1976
8/1/1976	1550	156525	0.009902571	8	1976
9/1/1976	1720	156779	0.010970857	9	1976
10/1/1976	1629	156993	0.010376259	10	1976
11/1/1976	1641	157235	0.010436608	11	1976
12/1/1976	1804	157438	0.011458479	12	1976
1/1/1977	1527	157688	0.009683679	1	1977
2/1/1977	1943	157913	0.012304243	2	1977
3/1/1977	2063	158131	0.013046145	3	1977
4/1/1977	1892	158371	0.011946632	4	1977
5/1/1977	1971	158657	0.012423026	5	1977
6/1/1977	1893	158929	0.011910979	6	1977
7/1/1977	2058	159185	0.012928354	7	1977
8/1/1977	2020	159430	0.012670137	8	1977
9/1/1977	1949	159674	0.01220612	9	1977
10/1/1977	2042	159915	0.012769284	10	1977
11/1/1977	2042	160129	0.012752219	11	1977
12/1/1977	2142	160377	0.01335603	12	1977
1/1/1978	1718	160617	0.010696253	1	1978
2/1/1978	1738	160831	0.010806374	2	1978
3/1/1978	2032	161038	0.01261814	3	1978
4/1/1978	2197	161263	0.013623708	4	1978
5/1/1978	2075	161518	0.012846865	5	1978
6/1/1978	2070	161795	0.012793968	6	1978
7/1/1978	2092	162034	0.012910871	7	1978
8/1/1978	1996	162259	0.012301321	8	1978
9/1/1978	1970	162502	0.012122928	9	1978
10/1/1978	1981	162783	0.012169575	10	1978
11/1/1978	2094	163017	0.012845286	11	1978
12/1/1978	2044	163272	0.012518987	12	1978
1/1/1979	1630	163516	0.009968443	1	1979
2/1/1979	1520	163726	0.009283803	2	1979
3/1/1979	1847	164027	0.011260341	3	1979
4/1/1979	1748	164162	0.010648018	4	1979
5/1/1979	1876	164459	0.011407098	5	1979
6/1/1979	1913	164721	0.011613577	6	1979
7/1/1979	1760	164970	0.010668606	7	1979
8/1/1979	1778	165198	0.010762842	8	1979
9/1/1979	1832	165431	0.011074103	9	1979
10/1/1979	1681	165813	0.010137926	10	1979
11/1/1979	1524	166051	0.009177903	11	1979
12/1/1979	1498	166300	0.009007817	12	1979
1/1/1980	1341	166544	0.008051926	1	1980
2/1/1980	1350	166759	0.008095515	2	1980
3/1/1980	1047	166984	0.006270062	3	1980
4/1/1980	1051	167197	0.006285998	4	1980
5/1/1980	927	167407	0.005537403	5	1980
6/1/1980	1196	167643	0.007134208	6	1980
7/1/1980	1269	167932	0.00755663	7	1980
8/1/1980	1436	168103	0.008542382	8	1980
9/1/1980	1471	168297	0.0087405	9	1980
10/1/1980	1523	168503	0.009038415	10	1980
11/1/1980	1510	168695	0.008951066	11	1980
12/1/1980	1482	168883	0.008775306	12	1980
1/1/1981	1547	169104	0.009148216	1	1981
2/1/1981	1246	169280	0.007360586	2	1981
3/1/1981	1306	169453	0.007707152	3	1981
4/1/1981	1360	169641	0.00801693	4	1981
5/1/1981	1140	169829	0.006712634	5	1981
6/1/1981	1045	170042	0.006145541	6	1981
7/1/1981	1041	170246	0.006114681	7	1981
8/1/1981	940	170399	0.005516464	8	1981
9/1/1981	911	170593	0.005340196	9	1981
10/1/1981	873	170809	0.005110972	10	1981
11/1/1981	837	170996	0.004894851	11	1981
12/1/1981	910	171166	0.005316476	12	1981
1/1/1982	843	171335	0.004920186	1	1982
2/1/1982	866	171489	0.005049887	2	1982
3/1/1982	931	171667	0.00542329	3	1982
4/1/1982	917	171844	0.005336235	4	1982
5/1/1982	1025	172026	0.005958402	5	1982
6/1/1982	902	172190	0.005238399	6	1982
7/1/1982	1166	172364	0.006764754	7	1982
8/1/1982	1046	172511	0.006063381	8	1982
9/1/1982	1144	172690	0.006624587	9	1982
10/1/1982	1173	172881	0.006785014	10	1982
11/1/1982	1372	173058	0.007927978	11	1982
12/1/1982	1303	173199	0.007523138	12	1982
1/1/1983	1586	173354	0.009148909	1	1983
2/1/1983	1699	173505	0.009792225	2	1983
3/1/1983	1606	173656	0.009248169	3	1983
4/1/1983	1472	173794	0.008469798	4	1983
5/1/1983	1776	173953	0.010209654	5	1983
6/1/1983	1733	174125	0.00995262	6	1983
7/1/1983	1785	174306	0.010240611	7	1983
8/1/1983	1910	174440	0.010949324	8	1983
9/1/1983	1710	174602	0.009793702	9	1983
10/1/1983	1715	174779	0.009812392	10	1983
11/1/1983	1785	174951	0.010202857	11	1983
12/1/1983	1688	175121	0.00963905	12	1983
1/1/1984	1897	175533	0.010807085	1	1984
2/1/1984	2260	175679	0.012864372	2	1984
3/1/1984	1663	175824	0.009458322	3	1984
4/1/1984	1851	175969	0.010518898	4	1984
5/1/1984	1774	176123	0.010072506	5	1984
6/1/1984	1843	176284	0.010454721	6	1984
7/1/1984	1732	176440	0.009816368	7	1984
8/1/1984	1586	176583	0.008981612	8	1984
9/1/1984	1698	176763	0.009606083	9	1984
10/1/1984	1590	176956	0.008985284	10	1984
11/1/1984	1689	177135	0.0095351	11	1984
12/1/1984	1612	177306	0.009091627	12	1984
1/1/1985	1711	177384	0.00964574	1	1985
2/1/1985	1632	177516	0.009193537	2	1985
3/1/1985	1800	177667	0.010131313	3	1985
4/1/1985	1821	177799	0.010241902	4	1985
5/1/1985	1680	177944	0.009441173	5	1985
6/1/1985	1676	178096	0.009410655	6	1985
7/1/1985	1684	178263	0.009446716	7	1985
8/1/1985	1743	178405	0.009769906	8	1985
9/1/1985	1676	178572	0.00938557	9	1985
10/1/1985	1834	178770	0.010258992	10	1985
11/1/1985	1698	178940	0.009489214	11	1985
12/1/1985	1942	179112	0.010842378	12	1985
1/1/1986	1972	179670	0.010975678	1	1986
2/1/1986	1848	179821	0.010276886	2	1986
3/1/1986	1876	179985	0.010423091	3	1986
4/1/1986	1933	180148	0.010730066	4	1986
5/1/1986	1854	180311	0.010282235	5	1986
6/1/1986	1847	180503	0.010232517	6	1986
7/1/1986	1782	180682	0.009862632	7	1986
8/1/1986	1807	180828	0.009992921	8	1986
9/1/1986	1687	180997	0.009320596	9	1986
10/1/1986	1681	181186	0.009277759	10	1986
11/1/1986	1623	181363	0.008948904	11	1986
12/1/1986	1833	181547	0.010096559	12	1986
1/1/1987	1774	181827	0.009756527	1	1987
2/1/1987	1784	181998	0.009802306	2	1987
3/1/1987	1726	182179	0.009474198	3	1987
4/1/1987	1614	182344	0.008851402	4	1987
5/1/1987	1628	182533	0.008918935	5	1987
6/1/1987	1594	182703	0.008724542	6	1987
7/1/1987	1575	182885	0.008611969	7	1987
8/1/1987	1605	183002	0.008770396	8	1987
9/1/1987	1695	183161	0.009254153	9	1987
10/1/1987	1515	183311	0.008264643	10	1987
11/1/1987	1656	183470	0.009025999	11	1987
12/1/1987	1400	183620	0.007624442	12	1987
1/1/1988	1271	183822	0.006914298	1	1988
2/1/1988	1473	183969	0.008006784	2	1988
3/1/1988	1532	184111	0.008321067	3	1988
4/1/1988	1573	184232	0.008538148	4	1988
5/1/1988	1421	184374	0.00770716	5	1988
6/1/1988	1478	184562	0.008008149	6	1988
7/1/1988	1467	184729	0.007941363	7	1988
8/1/1988	1493	184830	0.008077693	8	1988
9/1/1988	1492	184962	0.008066522	9	1988
10/1/1988	1522	185114	0.008221961	10	1988
11/1/1988	1569	185244	0.00846991	11	1988
12/1/1988	1563	185402	0.00843033	12	1988
1/1/1989	1621	185644	0.008731766	1	1989
2/1/1989	1425	185777	0.007670487	2	1989
3/1/1989	1422	185897	0.007649397	3	1989
4/1/1989	1339	186024	0.007197996	4	1989
5/1/1989	1331	186181	0.007148957	5	1989
6/1/1989	1397	186329	0.007497491	6	1989
7/1/1989	1427	186483	0.007652172	7	1989
8/1/1989	1332	186598	0.00713834	8	1989
9/1/1989	1279	186726	0.006849609	9	1989
10/1/1989	1410	186871	0.007545312	10	1989
11/1/1989	1351	187017	0.007223942	11	1989
12/1/1989	1251	187165	0.006683942	12	1989
1/1/1990	1551	188413	0.008231916	1	1990
2/1/1990	1437	188516	0.007622695	2	1990
3/1/1990	1289	188630	0.006833484	3	1990
4/1/1990	1248	188778	0.00661094	4	1990
5/1/1990	1212	188913	0.006415652	5	1990
6/1/1990	1177	189058	0.006225603	6	1990
7/1/1990	1171	189188	0.00618961	7	1990
8/1/1990	1115	189342	0.005888815	8	1990
9/1/1990	1110	189528	0.005856654	9	1990
10/1/1990	1014	189710	0.005345	10	1990
11/1/1990	1145	189872	0.006030378	11	1990
12/1/1990	969	190017	0.005099544	12	1990
1/1/1991	798	190163	0.0041964	1	1991
2/1/1991	965	190271	0.005071714	2	1991
3/1/1991	921	190381	0.004837668	3	1991
4/1/1991	1001	190517	0.005254124	4	1991
5/1/1991	996	190650	0.005224233	5	1991
6/1/1991	1036	190800	0.005429769	6	1991
7/1/1991	1063	190946	0.005567019	7	1991
8/1/1991	1049	191116	0.005488813	8	1991
9/1/1991	1015	191302	0.005305747	9	1991
10/1/1991	1079	191497	0.005634553	10	1991
11/1/1991	1103	191657	0.005755073	11	1991
12/1/1991	1079	191798	0.00562571	12	1991
1/1/1992	1176	191953	0.0061265	1	1992
2/1/1992	1250	192067	0.006508146	2	1992
3/1/1992	1297	192204	0.006748039	3	1992
4/1/1992	1099	192354	0.005713424	4	1992
5/1/1992	1214	192503	0.006306395	5	1992
6/1/1992	1145	192663	0.00594302	6	1992
7/1/1992	1139	192826	0.00590688	7	1992
8/1/1992	1226	193018	0.006351739	8	1992
9/1/1992	1186	193229	0.006137795	9	1992
10/1/1992	1244	193442	0.006430868	10	1992
11/1/1992	1214	193621	0.006269981	11	1992
12/1/1992	1227	193784	0.006331792	12	1992
1/1/1993	1210	193962	0.006238335	1	1993
2/1/1993	1210	194108	0.006233643	2	1993
3/1/1993	1083	194248	0.005575347	3	1993
4/1/1993	1258	194398	0.00647126	4	1993
5/1/1993	1260	194549	0.006476517	5	1993
6/1/1993	1280	194719	0.006573575	6	1993
7/1/1993	1254	194882	0.006434663	7	1993
8/1/1993	1300	195063	0.006664514	8	1993
9/1/1993	1343	195259	0.006878044	9	1993
10/1/1993	1392	195444	0.007122245	10	1993
11/1/1993	1376	195625	0.007033866	11	1993
12/1/1993	1533	195794	0.007829658	12	1993
1/1/1994	1272	195953	0.006491353	1	1994
2/1/1994	1337	196090	0.006818298	2	1994
3/1/1994	1564	196213	0.00797093	3	1994
4/1/1994	1465	196363	0.007460672	4	1994
5/1/1994	1526	196510	0.007765508	5	1994
6/1/1994	1409	196693	0.007163448	6	1994
7/1/1994	1439	196859	0.0073098	7	1994
8/1/1994	1450	197043	0.0073588	8	1994
9/1/1994	1474	197248	0.007472826	9	1994
10/1/1994	1450	197430	0.007344375	10	1994
11/1/1994	1511	197607	0.00764649	11	1994
12/1/1994	1455	197765	0.007357217	12	1994
1/1/1995	1407	197753	0.007114936	1	1995
2/1/1995	1316	197886	0.006650294	2	1995
3/1/1995	1249	198007	0.006307858	3	1995
4/1/1995	1267	198148	0.00639421	4	1995
5/1/1995	1314	198286	0.006626792	5	1995
6/1/1995	1281	198453	0.006454929	6	1995
7/1/1995	1461	198615	0.00735594	7	1995
8/1/1995	1416	198801	0.007122701	8	1995
9/1/1995	1369	199005	0.006879224	9	1995
10/1/1995	1369	199192	0.006872766	10	1995
11/1/1995	1452	199355	0.007283489	11	1995
12/1/1995	1431	199508	0.007172645	12	1995
1/1/1996	1467	199634	0.007348448	1	1996
2/1/1996	1491	199773	0.007463471	2	1996
3/1/1996	1424	199921	0.007122814	3	1996
4/1/1996	1516	200101	0.007576174	4	1996
5/1/1996	1504	200278	0.007509562	5	1996
6/1/1996	1467	200459	0.007318205	6	1996
7/1/1996	1472	200641	0.007336487	7	1996
8/1/1996	1557	200847	0.00775217	8	1996
9/1/1996	1475	201061	0.007336082	9	1996
10/1/1996	1392	201273	0.00691598	10	1996
11/1/1996	1489	201463	0.007390935	11	1996
12/1/1996	1370	201636	0.006794422	12	1996
1/1/1997	1355	202285	0.00669847	1	1997
2/1/1997	1486	202389	0.007342296	2	1997
3/1/1997	1457	202513	0.0071946	3	1997
4/1/1997	1492	202674	0.007361576	4	1997
5/1/1997	1442	202832	0.007109332	5	1997
6/1/1997	1494	203000	0.007359606	6	1997
7/1/1997	1437	203166	0.007073034	7	1997
8/1/1997	1390	203364	0.006835035	8	1997
9/1/1997	1546	203570	0.007594439	9	1997
10/1/1997	1520	203767	0.0074595	10	1997
11/1/1997	1510	203941	0.007404102	11	1997
12/1/1997	1566	204098	0.007672785	12	1997
1/1/1998	1525	204238	0.007466779	1	1998
2/1/1998	1584	204400	0.007749511	2	1998
3/1/1998	1567	204547	0.007660831	3	1998
4/1/1998	1540	204731	0.007522066	4	1998
5/1/1998	1536	204899	0.007496376	5	1998
6/1/1998	1641	205085	0.00800156	6	1998
7/1/1998	1698	205270	0.008272032	7	1998
8/1/1998	1614	205479	0.007854817	8	1998
9/1/1998	1582	205699	0.007690849	9	1998
10/1/1998	1715	205919	0.008328518	10	1998
11/1/1998	1660	206104	0.008054186	11	1998
12/1/1998	1792	206270	0.008687642	12	1998
1/1/1999	1748	206719	0.008455923	1	1999
2/1/1999	1670	206873	0.008072586	2	1999
3/1/1999	1710	207036	0.008259433	3	1999
4/1/1999	1553	207236	0.007493872	4	1999
5/1/1999	1611	207427	0.007766588	5	1999
6/1/1999	1559	207632	0.007508477	6	1999
7/1/1999	1669	207828	0.008030679	7	1999
8/1/1999	1648	208038	0.00792163	8	1999
9/1/1999	1635	208265	0.007850575	9	1999
10/1/1999	1608	208483	0.007712859	10	1999
11/1/1999	1648	208666	0.007897789	11	1999
12/1/1999	1708	208832	0.008178823	12	1999
1/1/2000	1636	211410	0.007738518	1	2000
2/1/2000	1737	211576	0.008209816	2	2000
3/1/2000	1604	211772	0.007574184	3	2000
4/1/2000	1626	212018	0.00766916	4	2000
5/1/2000	1575	212242	0.007420774	5	2000
6/1/2000	1559	212466	0.007337645	6	2000
7/1/2000	1463	212677	0.006878976	7	2000
8/1/2000	1541	212916	0.007237596	8	2000
9/1/2000	1507	213163	0.007069707	9	2000
10/1/2000	1549	213405	0.007258499	10	2000
11/1/2000	1551	213540	0.007263276	11	2000
12/1/2000	1532	213736	0.007167721	12	2000
1/1/2001	1600	213888	0.007480551	1	2001
2/1/2001	1625	214110	0.007589557	2	2001
3/1/2001	1590	214305	0.007419332	3	2001
4/1/2001	1649	214525	0.00768675	4	2001
5/1/2001	1605	214732	0.007474433	5	2001
6/1/2001	1636	214950	0.007611072	6	2001
7/1/2001	1670	215180	0.007760944	7	2001
8/1/2001	1567	215420	0.007274162	8	2001
9/1/2001	1562	215665	0.007242714	9	2001
10/1/2001	1540	215903	0.007132833	10	2001
11/1/2001	1602	216117	0.007412651	11	2001
12/1/2001	1568	216315	0.007248688	12	2001
1/1/2002	1698	216506	0.007842739	1	2002
2/1/2002	1829	216663	0.008441681	2	2002
3/1/2002	1642	216823	0.007572997	3	2002
4/1/2002	1592	217006	0.007336203	4	2002
5/1/2002	1764	217198	0.008121622	5	2002
6/1/2002	1717	217407	0.00789763	6	2002
7/1/2002	1655	217630	0.00760465	7	2002
8/1/2002	1633	217866	0.007495433	8	2002
9/1/2002	1804	218107	0.00827117	9	2002
10/1/2002	1648	218340	0.007547861	10	2002
11/1/2002	1753	218548	0.008021121	11	2002
12/1/2002	1788	218741	0.008174051	12	2002
1/1/2003	1853	219897	0.008426672	1	2003
2/1/2003	1629	220114	0.007400711	2	2003
3/1/2003	1726	220317	0.007834166	3	2003
4/1/2003	1643	220540	0.007449896	4	2003
5/1/2003	1751	220768	0.007931403	5	2003
6/1/2003	1867	221014	0.008447429	6	2003
7/1/2003	1897	221252	0.008573934	7	2003
8/1/2003	1833	221507	0.008275134	8	2003
9/1/2003	1939	221779	0.008742938	9	2003
10/1/2003	1967	222039	0.008858804	10	2003
11/1/2003	2083	222279	0.009371106	11	2003
12/1/2003	2057	222509	0.00924457	12	2003
1/1/2004	1911	222161	0.00860187	1	2004
2/1/2004	1846	222357	0.008301965	2	2004
3/1/2004	1998	222550	0.008977758	3	2004
4/1/2004	2003	222757	0.008991861	4	2004
5/1/2004	1981	222967	0.008884723	5	2004
6/1/2004	1828	223196	0.008190111	6	2004
7/1/2004	2002	223422	0.008960622	7	2004
8/1/2004	2024	223677	0.009048762	8	2004
9/1/2004	1905	223941	0.008506705	9	2004
10/1/2004	2072	224192	0.009242078	10	2004
11/1/2004	1782	224422	0.007940398	11	2004
12/1/2004	2042	224640	0.0090901	12	2004
1/1/2005	2144	224837	0.009535797	1	2005
2/1/2005	2207	225041	0.009807102	2	2005
3/1/2005	1864	225236	0.008275764	3	2005
4/1/2005	2061	225441	0.009142082	4	2005
5/1/2005	2025	225670	0.00897328	5	2005
6/1/2005	2068	225911	0.009154047	6	2005
7/1/2005	2054	226153	0.009082347	7	2005
8/1/2005	2095	226421	0.009252675	8	2005
9/1/2005	2151	226693	0.009488604	9	2005
10/1/2005	2065	226959	0.00909856	10	2005
11/1/2005	2147	227204	0.009449658	11	2005
12/1/2005	1994	227425	0.008767726	12	2005
1/1/2006	2273	227553	0.009988882	1	2006
2/1/2006	2119	227763	0.00930353	2	2006
3/1/2006	1969	227975	0.008636912	3	2006
4/1/2006	1821	228199	0.007979877	4	2006
5/1/2006	1942	228428	0.008501585	5	2006
6/1/2006	1802	228671	0.007880317	6	2006
7/1/2006	1737	228912	0.007588069	7	2006
8/1/2006	1650	229167	0.00719999	8	2006
9/1/2006	1720	229420	0.007497167	9	2006
10/1/2006	1491	229675	0.006491782	10	2006
11/1/2006	1570	229905	0.006828908	11	2006
12/1/2006	1649	230108	0.0071662	12	2006
1/1/2007	1409	230650	0.006108823	1	2007
2/1/2007	1480	230834	0.006411534	2	2007
3/1/2007	1495	231034	0.006470909	3	2007
4/1/2007	1490	231253	0.00644316	4	2007
5/1/2007	1415	231480	0.006112839	5	2007
6/1/2007	1448	231713	0.00624911	6	2007
7/1/2007	1354	231958	0.005837264	7	2007
8/1/2007	1330	232211	0.00572755	8	2007
9/1/2007	1183	232461	0.005089026	9	2007
10/1/2007	1264	232715	0.005431536	10	2007
11/1/2007	1197	232939	0.005138684	11	2007
12/1/2007	1037	233156	0.004447666	12	2007
1/1/2008	1084	232616	0.004660041	1	2008
2/1/2008	1103	232809	0.004737789	2	2008
3/1/2008	1005	232995	0.004313397	3	2008
4/1/2008	1013	233198	0.004343948	4	2008
5/1/2008	973	233405	0.00416872	5	2008
6/1/2008	1046	233627	0.004477222	6	2008
7/1/2008	923	233864	0.003946738	7	2008
8/1/2008	844	234107	0.003605189	8	2008
9/1/2008	820	234360	0.003498891	9	2008
10/1/2008	777	234612	0.003311851	10	2008
11/1/2008	652	234828	0.0027765	11	2008
12/1/2008	560	235035	0.002382624	12	2008
1/1/2009	490	234739	0.002087425	1	2009
2/1/2009	582	234913	0.002477513	2	2009
3/1/2009	505	235086	0.00214815	3	2009
4/1/2009	478	235271	0.0020317	4	2009
5/1/2009	540	235452	0.002293461	5	2009
6/1/2009	585	235655	0.002482443	6	2009
7/1/2009	594	235870	0.002518336	7	2009
8/1/2009	586	236087	0.002482136	8	2009
9/1/2009	585	236322	0.002475436	9	2009
10/1/2009	534	236550	0.002257451	10	2009
11/1/2009	588	236743	0.002483706	11	2009
12/1/2009	581	236924	0.002452263	12	2009
1/1/2010	614	236832	0.002592555	1	2010
2/1/2010	604	236998	0.002548545	2	2010
3/1/2010	636	237159	0.002681745	3	2010
4/1/2010	687	237329	0.002894716	4	2010
5/1/2010	583	237499	0.002454747	5	2010
6/1/2010	536	237690	0.002255038	6	2010
7/1/2010	546	237890	0.002295178	7	2010
8/1/2010	599	238099	0.00251576	8	2010
9/1/2010	594	238322	0.002492426	9	2010
10/1/2010	543	238530	0.002276443	10	2010
11/1/2010	545	238715	0.002283057	11	2010
12/1/2010	539	238889	0.002256278	12	2010
1/1/2011	630	238704	0.002639252	1	2011
2/1/2011	517	238851	0.002164529	2	2011
3/1/2011	600	239000	0.00251046	3	2011
4/1/2011	554	239146	0.002316576	4	2011
5/1/2011	561	239313	0.00234421	5	2011
6/1/2011	608	239489	0.002538739	6	2011
7/1/2011	623	239671	0.002599397	7	2011
8/1/2011	585	239871	0.002438811	8	2011
9/1/2011	650	240071	0.002707532	9	2011
10/1/2011	610	240269	0.002538821	10	2011
11/1/2011	711	240441	0.002957066	11	2011
12/1/2011	694	240584	0.002884647	12	2011
1/1/2012	723	242269	0.002984286	1	2012
2/1/2012	704	242435	0.002903871	2	2012
3/1/2012	695	242604	0.002864751	3	2012
4/1/2012	753	242784	0.003101522	4	2012
5/1/2012	708	242966	0.002913988	5	2012
6/1/2012	757	243155	0.003113241	6	2012
7/1/2012	740	243354	0.003040838	7	2012
8/1/2012	754	243566	0.00309567	8	2012
9/1/2012	847	243772	0.003474558	9	2012
10/1/2012	915	243983	0.003750261	10	2012
11/1/2012	833	244174	0.003411502	11	2012
12/1/2012	976	244350	0.003994271	12	2012
1/1/2013	888	244663	0.003629482	1	2013
2/1/2013	970	244828	0.003961965	2	2013
3/1/2013	999	244995	0.004077634	3	2013
4/1/2013	826	245175	0.003369022	4	2013
5/1/2013	920	245363	0.003749547	5	2013
6/1/2013	852	245552	0.003469733	6	2013
7/1/2013	891	245756	0.003625547	7	2013
8/1/2013	898	245959	0.003651015	8	2013
9/1/2013	860	246168	0.003493549	9	2013
10/1/2013	921	246381	0.003738113	10	2013
11/1/2013	1104	246567	0.004477485	11	2013
12/1/2013	1010	246745	0.004093295	12	2013
1/1/2014	902	246915	0.003653079	1	2014
2/1/2014	948	247085	0.003836736	2	2014
3/1/2014	973	247258	0.003935161	3	2014
4/1/2014	1038	247439	0.004194973	4	2014
5/1/2014	987	247622	0.003985914	5	2014
6/1/2014	928	247814	0.003744744	6	2014
7/1/2014	1085	248023	0.004374594	7	2014
8/1/2014	984	248229	0.003964082	8	2014
9/1/2014	999	248446	0.004020995	9	2014
10/1/2014	1094	248657	0.004399635	10	2014
11/1/2014	994	248844	0.00399447	11	2014
12/1/2014	1081	249027	0.004340895	12	2014
1/1/2015	1101	249723	0.004408885	1	2015
2/1/2015	887	249899	0.003573444	2	2015
3/1/2015	974	250080	0.003854766	3	2015
4/1/2015	1200	250266	0.004762932	4	2015
5/1/2015	1066	250455	0.004244275	5	2015
6/1/2015	1201	250663	0.004839167	6	2015
7/1/2015	1140	250876	0.00457198	7	2015
8/1/2015	1134	251096	0.004508236	8	2015
9/1/2015	1209	251325	0.004730926	9	2015
10/1/2015	1059	251541	0.004265706	10	2015
11/1/2015	1176	251747	0.004651495	11	2015
12/1/2015	1138	251936	0.004604344	12	2015
1/1/2016	1123	252397	0.00446915	1	2016
2/1/2016	1209	252577	0.004802496	2	2016
3/1/2016	1128	252768	0.004403247	3	2016
4/1/2016	1164	252969	0.004565777	4	2016
5/1/2016	1119	253174	0.004455434	5	2016
6/1/2016	1190	253397	0.00471592	6	2016
7/1/2016	1223	253620	0.00480246	7	2016
8/1/2016	1164	253854	0.004585313	8	2016
9/1/2016	1062	254091	0.004140249	9	2016
10/1/2016	1328	254321	0.005268932	10	2016
11/1/2016	1149	254540	0.004514025	11	2016
12/1/2016	1268	254742	0.004977585	12	2016
1/1/2017	1236	254082	0.004864571	1	2017
2/1/2017	1288	254246	0.00506596	2	2017
3/1/2017	1189	254414	0.004673485	3	2017
4/1/2017	1154	254588	0.004532814	4	2017
5/1/2017	1129	254767	0.0044315	5	2017
6/1/2017	1217	254957	0.004773354	6	2017
7/1/2017	1190	255151	0.004663905	7	2017
8/1/2017	1180	255357	0.004620982	8	2017
